49
49
7
0000000000000000000000000000000000000000000000000 0000000
0000000000000000000000000000000000000000000000000 0000000
0000000000000000000000000000000000000000000000000 0000000
0000000000000000000000000000000000000000000000000 0000000
0000000000000000000000000000000000000000000000000 0000000
0000000000000000000000000000000000000000000000000 0000000
0000000000000000000000000000000000000000000000000 0000000
0000000000000000000000000000000000000000000000000 0000000
0000000000000000000000000000000000000000000000000 0000000
0000000000000000000000000000000000000000000000000 0000000
0000000000000000000000000000000000000000000000000 0000000
0000000000000000000000000000000000000000000000000 0000000
0000000000000000000000000000000000000000000000000 0000000
0000000000000000000000000000000000000000000000000 0000000
0000000000000000000000000000000000000000000000000 0000000
0000000000000000000000000000000000000000000000000 0000000
0000000000000000000000000000000000000000000000000 0000000
0000000000000000000000000000000000000000000000000 0000000
0000000000000000000000000000000000000000000000000 0000000
0000000000000000000000000000000000000000000000000 0000000
0000000000000000000000000000000000000000000000000 0000000
0000000000000000000000000000000000000000000000000 0000000
0000000000000000000000000000000000000000000000000 0000000
0000000000000000000000000000000000000000000000000 0000000
0000000000000000000000000000000000000000000000000 0000000
0000000000000000000000000000000000000000000000000 0000000
000000000000000000000000000000000000000000000000R 0000000
00000000000000000000000000000000000000000000000VI 0000000
00000000000000000000000000000000000000000000000R4 0000000
0000000000000000000000000000000000000000000000ZK0 0000000
000000000000000000000000000000000000000000000YQB0 0000000
000000000000000000000000000000000000000000000TI00 0000000
000000000000000000000000000000000000000000000RF90 0000000
000000000000000000000000000000000000000000000TG00 0000000
000000000000000000000000000000000000000000000WKA6 0000000
000000000000000000000000000000000000000000000ZNF0 0000000
000000000000000000000000000000000000000000000YSJ6 0000000
000000000000000000000000000000000000000000000ZSJ7 0000000
0000000000000000000000000000000000000000000000UK0 0000000
0000000000000000000000000000000000000000000000VK0 0000000
0000000000000000000000000000000000000000000000XK0 0000000
0000000000000000000000000000000000000000000000YLD 0000000
00000000000000000000000000000000000000000000000LF 0000000
00000000000000000000000000000000000000000000000NG 0000000
0000000000000000000000000000000000000000000000ZYY 0000000
00000000000000000000000000000000000000000000000Z0 0000000
0000000000000000000000000000000000000000000000000 0000000
0000000000000000000000000000000000000000000000000 0000000
0000000000000000000000000000000000000000000000000 0000000
