49
49
7
00000000000000K0000000000000000000000000000000000 0000000
0000000000000XC8000000000000000000000000000000000 0000000
0000000000000VC0000000000000000000000000000000000 0000000
0000000000000TGB000000000000000000000000000000000 0000000
0000000000000UB7000000000000000000000000000000000 0000000
0000000000000S00000000000000000000000000000000000 0000000
0000000000000Q00000000000000000000000000000000000 0000000
0000000000000O90000000000000000000000000000000000 0000000
000000000000YI50000000000000000000000000000000000 0000000
000000000000O000000000000000000000000000000000000 0000000
000000000ZWSB000000000000000000000000000000000000 0000000
000000000TPK9000000000000000000000000000000000000 0000000
00000000QLJ00000000000000000000000000000000000000 0000000
0000000SID000000000000000000000000000000000000000 0000000
00000XOKD0000000000000000000000000000000000000000 0000000
00000YQK00000000000000000000000000000000000000000 0000000
00000XRE00000000000000000000000000000000000000000 0000000
0000VPC000000000000000000000000000000000000000000 0000000
00YQG00000000000000000000000000000000000000000000 0000000
0XQF010000000000000000000000000000000000000000000 0000000
0MIC000000000000000000000000000000000000000000000 0000000
M050000000000000000000000000000000000000000000000 0000000
E200000000000000000000000000000000000000000000000 0000000
4000000000000000000000000000000000000000000000000 0000000
0000000000000000000000000000000000000000000000000 0000000
0000000000000000000000000000000000000000000000000 0000000
0000000000000000000000000000000000000000000000000 0000000
0000000000000000000000000000000000000000000000000 0000000
0000000000000000000000000000000000000000000000000 0000000
0000000000000000000000000000000000000000000000000 0000000
0000000000000000000000000000000000000000000000000 0000000
0000000000000000000000000000000000000000000000000 0000000
0000000000000000000000000000000000000000000000000 0000000
0000000000000000000000000000000000000000000000000 0000000
0000000000000000000000000000000000000000000000000 0000000
0000000000000000000000000000000000000000000000000 0000000
0000000000000000000000000000000000000000000000000 0000000
0000000000000000000000000000000000000000000000000 0000000
0000000000000000000000000000000000000000000000000 0000000
0000000000000000000000000000000000000000000000000 0000000
0000000000000000000000000000000000000000000000000 0000000
0000000000000000000000000000000000000000000000000 0000000
0000000000000000000000000000000000000000000000000 0000000
0000000000000000000000000000000000000000000000000 0000000
0000000000000000000000000000000000000000000000000 0000000
0000000000000000000000000000000000000000000000000 0000000
0000000000000000000000000000000000000000000000000 0000000
0000000000000000000000000000000000000000000000000 0000000
0000000000000000000000000000000000000000000000000 0000000
