49
49
7
0000000000000000000000000000000000000431111341234 0000000
0000000000000000000000000000000000122222222222212 0000000
0000000000000000000000000000000001122222222221111 0000000
0000000000000000000000000000000001223333333331000 0000000
0000000000000000000000000000000112334444444441000 0000000
0000000000000000000000000000001123344444444442222 0000000
0000000000000000000000000000112234455555555555555 0000000
0000000000000000000000000001222334556666666668888 0000000
0000000000000000000000000002322344566666666660909 0000000
0000000000000000000000000001222344566888888880000 0000000
0000000000000000000000000001223345566888888870000 0000000
0000000000000000000000000001233445667999999980000 0000000
0000000000000000000000000001244556778000000090000 0000000
0000000000000000000000000001245567788000000090000 0000000
0000000000000000000000000001256678899000000000000 0000000
0000000000000000000000000001266778990000000000000 0000000
0000000000000000000000000001266788900000000000000 0000000
000000000000000000000000000154567900000000000000A 0000000
000000000000000000000000000154567900000000000000B 0000000
000000000000000000000000000043456890099990000000B 0000000
00000000000000000000000000003334679006668000A00AC 0000000
00000000000000000000000000002223568994457900B00BD 0000000
000000000000000000000000000011234678944469000AACD 0000000
000000000000000000000000000000123567855568000AACE 0000000
000000000000000000000000000010123567865567900BBDE 0000000
000000000000000000000000000110001356788620280BCFI 0000000
000000000000000000000000112311001244566631300BCFH 0000000
00000000000000000000000011231211112223554350ABBDF 0000000
00000000000000000000000011231311100001366580BAABC 0000000
00000000000000000000000011231300000000478790BA000 0000000
000000000000000000000000112310000000025909900A000 0000000
0000000000000000000000001123100000011480009000000 0000000
0000000000000000000000001123100000123590008000000 0000000
0000000000000000000000000000000001356344578880000 0000000
0000000000000000000000000000000000245445667870900 0000000
0000000000000000000000000000000000134455667779900 0000000
0000000000000000000000000000000000123566666668890 0000000
0000000000000000000000000000000000134766666647780 0000000
0000000000000000000000000000000001356877665536680 0000000
0000000000000000000000000000000024688887665435570 0000000
0000000000000000000000000000012358890988753323570 0000000
0000000000000000000000000000045680000800008900988 0000000
0000000000000000000000000012289000000800008790099 0000000
0000000000000000000000000246600000000000000800000 0000000
000000000000000000001000258900000000000BA00000000 0000000
00000000000000000000101258000AA0000000ACC0000000A 0000000
00000000000000000001244680000AAAA00000BEE00000ACD 0000000
0000000000000000134568890000000ABABBC0CFFB000ACEF 0000000
00000000000001235679900000000000BBDDE0DGFB00ABDFH 0000000
