49
49
7
00000000000001223445555689000ABBCDDEEIHGECBA0EDDC 0000100
00000000000003344566778900000CCDDEFFGKJIHGFEDIIHF 0000100
00000000000004556778800000ABBDEEFGGHHMMLKJIIILKJI 0000100
000000000000166678999000ACDEFFFFGHIIINNNMMLLLLLLK 0000100
000000000012289900000CCDFGIJJFGGHIIJJOOONNNNMLLLL 0000100
000000000134700ABDEFGLLKKKJJHGHIKMNPQTTTTTTTTRQQP 0000100
00000000257800ACDEGHIMMMMMLLKKJKLNOPPTTTTTTTTUUTT 0000100
00000234790000BCEFHIIMMMMNNNNPOOOOPPPTTTTTTTTYYXW 0000100
000004569000ABEFGIJKLNOOOPQQOSSSSRRQQTTTTTTTTZZYY 0000100
000015579000BDEFGIJKLNNOPQRRSWUTTSSSSUUUUUUUUXWWV 0000100
00123779000ABFGHJKMNNOPQRSUVUVVVWWWWWYYYYYYYYYYXW 0000100
003450000BDEFGHIKLMOOOPQRTVWXVUVWYZ0000000000000Z 0000100
0135600ACFHIJHIJKMNOPOPRSUWXWTUWXZ000000000000000 0000100
579000ABCEFGHLLMMNOOPOPRUWZ000000000000000000Z000 0000100
6800000BCEGIIMNNOPPQQPQSUWZ0000000000000000000000 0000100
7000000BDGIKLOOPPQRRSPQSUWYZ000000000000000000000 0000100
000000ACFIKMOQQRRSTTURSTVWYZZ00000000000000000000 0000100
000BCCDEHJLNORQRRSTTUSTUVWXYZ00000000000000000000 0000100
0ACDEGGHJKLMMPQQRSSTTUUVWXXYW00000000000000000000 0000100
0BEFGKKKLLLLKOMNNOPPQTUUUVWWWZYZ00000000000000000 0000100
0BDFGMMLLKJIINLMMNOOPUUVVVWWVXYZ00000000000000000 0000100
ACEFGJKKLMMNNHJLOQRRROPRUWZ00XWXXXYYYYVROORVYYZ00 0000100
0ACDEEFFGHHIIEGIKMNNNOPQSUWXXVUUUVVVVXUROORUXXY00 0000100
0ABCDBCCDEEFFBCDEGHIIOPPQRSTSSRRRRRRRUSPNNPSUVWZ0 0000100
00ABBAABCCDEEAA0ABCEFOOPPPQQPQPPOONNNONLKKLNORSVY 0000100
000000000ABBC0000000AKKLLLMMMNLLKJIHHHHGFFGHHLMPS 0000100
889990000000008534690BCDEFGGFEEDBA000AAAAAAAAEGIM 0000100
3322222334556100000004568000000986432000000000ACG 0000100
000000000000000000000000035883310000067899876000C 0000100
0000000000000000000000000000000000000002441001480 0000100
0000000000000000000000000000000000000000000000039 0000100
0000000000000000000000000000000000000000000000003 0000100
0000000000000000000000000000000000000000000000000 0000100
0000000000000000000000000000000000000000000000000 0000100
0000000000000000000000000000000000000000000000000 0000100
0000000000000000000000000000000000000000000000000 0000100
0000000000000000000000000000000000000000000000000 0000100
0000000000000000000000000000000000000000000000000 0000100
0000000000000000000000000000000000000000000000000 0000100
0000000000000000000000000000000000000000000000000 0000100
0000000000000000000000000000000000000000000000000 0000100
0000000000000000000000000000000000000000000000000 0000100
0000000000000000000000000000000000000000000000000 0000100
0000000000000000000000000000000000000000000000000 0000100
0000000000000000000000000000000000000000000000000 0000100
0000000000000000000000000000000000000000000000000 0000100
0000000000000000000000000000000000000000000000000 0000100
0000000000000000000000000000000000000000000000000 0000100
0000000000000000000000000000000000000000000000000 0000100
