49
49
7
7655679066665310000000000000000000000000000000000 0000100
6544568056787542000000000000000000000000000000000 0000100
3322246778997532000000000000000000000000000000000 0000100
3211245778886410000000000000000000000000000000000 0000100
2110135667774200000000000000000000000000000000000 0000100
1100024566662000000000000000000000000000000000000 0000100
1000013456540000000000000000000000000000000000001 0000100
0000013455530000000000000000000000000000000000000 0000100
0000002355430000000000000000000000000000000000000 0000100
0000012223441000000000000000000100000000000000000 0000100
0000012233442000000000000000000000000000000000000 0000100
0000012234552000000000000000000000000000000000000 0000100
0000012245563100000000000000000000000000000000000 0000100
0000012255664200000000000000000000000000000000000 0000100
0000012256774300000000000000000000000000000000000 0000100
0000012267885300000000000000000000000000000000000 0000100
0000002247885410000000000000000000000000000000000 0000100
0000000134665100000000000000000000000000000000000 0000100
0000000034665100000000000000000000000000000000000 0000100
0000000034665100000000000000000000000000000000000 0000100
0000000034665100000000000000000000000000000000000 0000100
0000000034665100000000000000000000000000000000000 0000100
0000000034665100000000000000000000000000000000000 0000100
0000000034665100000000000000000000000000000000000 0000100
0000000034665100000000000000000000000000000000000 0000100
0000000045665421000000000000000000000000000000000 0000100
0000000045665310000000000000000000000000000000000 0000100
0000000034554310000000000000000000000000000000000 0000100
0000000033444200000000000000000000000000000000000 0000100
0000000023343100000000000000000000000000000000000 0000100
0000000012332000000000000000000000000000011000000 0000100
0000000011222000000000000000000000000000021000000 0000100
0000000001221000000000010000000000000000122100000 0000100
0000000012221000000000000000000000034321000000000 0000100
0000000011221000000000000000000000347653000000000 0000100
0000000001221000000000000000000000247764000000000 0000100
0000000000122000000000000000000000247875100000000 0000100
0000000000022100001000000000000000148886300000000 0000100
0000000000012210013100000000000000148997421100000 0000100
0000000000012211024200000000000000038908533210000 0000100
0000000000012221135200000000000000038908643321100 0000100
0000000000000000000000000000000000016897201223440 0000100
0000000000000000000000000000000000015674201123340 0000100
0000000000000000000000000000000000013330100122330 0000100
0000000000000000000000000000000000001000000011220 0000100
0000000000000000000000000000000000000000000001120 0000100
0000000000000000000000000000000000000000000000011 0000100
0000000000000000000000000000000000000000000000002 0000100
0000000000000000000000000000000000000000000000002 0000100
