49
49
7
0000ACFHJKKMQTUTRPONLIEB00ABCCCA00765433333000000 0000100
00000BEGIJKMPRSQOMNMJGC000000AA000000998665100000 0000100
00000BDFGHJLOQQOMKKJHEB00000000000000000875000000 0000100
0000ABCDDEJLNPPNKIGFECB00000000000000000975000000 0000100
00AAABBBCCJKNOOMJHEDCBA000BBCBA000000000964000000 0000100
000000000AJKLNNMLLHGDA0000DCBA0000000097640000000 0000100
00000000AAIJLMMMKJIGDB0000CCB00000000098750000000 0000100
00000000ABIJKLLKIHIGEBAAAABBA00000888877760000000 0000100
0090000ABCIIJKJIGFGFDBAABBA0000009445556650000000 0000100
0089000BCDHIIIHFDCDCB000AB00000987222333430000000 0000100
0978000BDEHHHHGDB00000000000009766111100000000000 0000100
9967900CEFGGHGEC000000000000098655210000000000000 0000100
007900BEGGGFFEDA009877780000986543210000000000000 0000100
000000BDECC00074205543210011222000410000000000000 0000100
00000BDEFD000863102210000000000000000000000000000 0000100
0000ABDEFD009753210000000000000000000000000000000 0000100
00ABBCDEFC076431000000000000000000000000000000000 0000100
00000AABBA742000000000000000000000000000000000000 0000100
0000000000310000000000000000000000000000000000000 0000100
0000000009200000000000000000000000000000000000000 0000100
0000009997100000000000000000000000000000000000000 0000100
0034665200000000000000000000000000000000000000012 0000100
0034543000000000000000000000000000000000000001467 0000100
9811100000000000000000000000000000000000002468000 0000100
76100000000000000000000000000000000000000079000BD 0000100
430000000000000000000000000000000000000001000ABCD 0000100
3200000000000000000000000000000000000000130000000 0000100
0000000000000000000000000000000000000000250000875 0000100
1000000000000000000000000000000000000000470008520 0000100
4200000000000000000000000000000000000000380053200 0000100
3200000000000000000000000000000000000000036400000 0000100
1000000000000000000000000000000000000000000000000 0000100
0000000000000000000000000000000000002210000000000 0000100
0000000000000000000000000000000000012100000000000 0000100
0000000000000000000000000000000000100000000000000 0000100
0000000000000000000000000000000000000000000000000 0000100
0000000000000000000000000000000000000000000000000 0000100
0000000000000000010000000000000000000000000000000 0000100
0000000000000000000000000000000000000000000000000 0000100
0000000000000000000000000000000000000000000000000 0000100
0000000000000000000000000000000000000000000000000 0000100
0000000000000000000000000000000000000000000000000 0000100
0000000000000000000000000000000000000000000000000 0000100
0000000000000000000000000000000000000000000000000 0000100
1000000000000000000000000000000000000000000000000 0000100
0000000000000000000000000000000000000000000000000 0000100
0000000000000000000000000000000000000000000000000 0000100
0000000000000000000000000000000000000000000000000 0000100
0000000000000000000000000000000000000000000000000 0000100
