49
49
7
0000000000000000000000000000000000000000000000000 0000100
1000000000000000000000000000000000000000000000000 0000100
2000000000000000000000000000000000000000000000000 0000100
3000000000000000000000000000000000000000000000000 0000100
3000000000000000000000000000000000000000000000000 0000100
4100000000000000000000000000000000000000000000000 0000100
1000000000000000000000000000000000000000000000000 0000100
1000000000000000000000000000000000000000000000000 0000100
1000000000000000000000000000000000000000000000000 0000100
1000000000000000000000000000000000000000000000000 0000100
1000000000000000000000000000000000000000000000000 0000100
1000000000000000000000000000000000000000000000000 0000100
1000000000000000000000000000000000000000000000001 0000100
1000000000000000000000000000000000000000000000233 0000100
4210000000000000000000000000000000000000000431001 0000100
3100000000000000000000000000000000000000000432112 0000100
3100000000000000000000000000000000000000000432112 0000100
2000000000000000000000000000000000000000000431001 0000100
1000000000000000000000000000000000000000000200000 0000100
0000000000000000000000000000110000000000000000000 0000100
0000000000000000000000000000210000000000000000000 0000100
0000000000100000000000000001221000000000000000000 0000100
0000000000000000000000343210000000000000000000000 0000100
0000000000000000000003476530000000000000000000000 0000100
0000000000000000000002477640000000000000000000000 0000100
0000000000000000000002478751000000000000000000000 0000100
1000010000000000000001488863000000000000000000000 0000100
2100131000000000000001489974211000000000000000000 0000100
2110242000000000000000389085332100000000000000000 0000100
2211352000000000000000389086433211000000000000000 0000100
0000000000000000000000168972012234400000011000000 0000100
0000000000000000000000156742011233400000121000000 0000100
0000000000000000000000133301001223300000232000000 0000100
0000000000000000000000010000000112200002344310000 0000100
0000000000000000000000000000000011200124566532000 0000100
0000000000000000000000000000000000111245787432100 0000100
0000000000000000000000000000000000022356898322211 0000100
0000000000000000000000000000000000022447799102021 0000100
0000000000000000000000000000000000032445576002231 0000100
0000000000000000000000000000000000022334554113443 0000100
0000000000000000000000000000000000012234453335665 0000100
0000000000000000000000000000000000001123342556776 0000100
0000000000000000000000000000000000000112332556776 0000100
0000000000000000000000000000000000000001221335665 0000100
0000000000000000000000000000000000000001120113443 0000100
0000000000000000000000000000000000000000120001221 0000100
0000000000000000000000000000000000000000000000000 0000100
0000000000000000000000000000000000000000000000000 0000100
0000000000000000000000000000000000000000000000000 0000100
