49
49
7
0000000000000000031245441000000000000000000000000 0000100
0000000000000003692556753200000000000000000000000 0000100
0000000000000003784443443200000000000000000000000 0000100
0000000000000058990000000000000000000000000000000 0000100
0000000000000143000000000000000000000000000000000 0000100
0000000000000000000000000000000000000000000000000 0000100
0000000000000000000000000000000000000000000000000 0000100
0000000000000000000000000000000000000000000000000 0000100
0000000000000000000000000000000000000000000000000 0000100
0000000000000000000000000000000000000000000000000 0000100
0000000000000000000000000000000000000000000000000 0000100
0000000000000000000000000000000000000000000000000 0000100
0000000000000000000000000000000000100000000000000 0000100
0000000000000000000000024310000000100000000000000 0000100
0000000000000000000001467610000000321000000000000 0000100
0000000000000000000025676500000011551000000000000 0000100
0000000000000000004567654200000146860000000000000 0000100
0000000000000000128999864100000348840000000000000 0000100
0000000000000002570000074100001122000000000000000 0000100
000000000000239000CAC0A00700112000000000000000000 0000100
000000001233670000A0BA000800211000000000000000000 0000100
0000001355424679000000097500000000000000000000000 0000100
0000013465445678899900864200000000000000000000000 0000100
0022457897967687878786400000000000000000000000000 0000100
4477890000634241311000000000000000000000000000000 0000100
00000000A0000000000000000000000000000000000000000 0000100
0024689097000000000000000000000000000000000000000 0000100
6454756330000000000000000000000000000000000000000 0000100
0000000000000000000000000000000000000000000000000 0000100
0000000000000000000000000346777532000000000000000 0000100
0000000000000000000000013700000853000000000000000 0000100
00000000000000000044557780ACB00620000000010000000 0000100
0000000000779675640000A0ABDDB08300000002550000000 0000100
000001221290000009000000ABDDB07000000056860000001 0000100
4378900000CBCAA00000AAB00000710000000021000000001 0000100
000000ABCCFEEDCCBBABCCCA0075200000000000000000001 0000100
A0CDDDEEFFHHGGFEEDBBCCB00021000000000011000000001 0000100
GGIIIHHHGGIIHHGFFE0000000800000000000111100000000 0000100
LKLLKJHGFFHGGFEEDD0000097633344445110000000000000 0000100
MLLKJHFDCBCCCBA0007800009800099887210000000000000 0000100
LKKJHEC0000000000079000000DCA00098200000000000000 0000100
KJIHFC000000009887900ACDEDIHFB0098200000000000000 0000100
EDDA00754478900000BCDEFGHHIIIGC084530000000000001 0000100
000096433300000ABBHHIJKLMMKKJGC085420000000000003 0000100
08975323340ABCEFGHOOPPQRRRMLKGC096100000000000006 0000100
0898766790FGHIKLMNSTTTTTTUONKFA086000000000000038 0000100
00000000ACKLMNPQRSUUUUTTTTPNID0964000000000000250 0000100
HFHGFFFGIJNOPQSTUVWWVVUTTTOLF00531011100000000469 0000100
NMONMKKLMNPPQSTVWWZZYXWVVUNJC06100234430000002578 0000100
