49
49
7
D000007654210000000000012210000000000000000000000 0000100
B000006653200000000000001110000000000000000000000 0000100
0000905542100000000000000100000000000000000000000 0000100
0099995432000000000000000000000000000000000000000 0000100
0988894321000000000000000000000000000000000000000 0000100
0988894321000000000000000000000000000000000000000 0000100
7420000000000000000000000000000000000000000000000 0000100
5200000000000000000000000000000000000000000000000 0000100
3000000000000000000000000000000000000000000000000 0000100
1000000000000000000000000000000000000000000000000 0000100
0000000000000000000000000000000000000000000000000 0000100
0000000000000000000000000000000000000000000000000 0000100
2000000000000000000000000000000000000000000000000 0000100
3000000000000000000000000000000000000000000000000 0000100
4420000000000000000000000000000000000000000000000 0000100
3330000000000000000000000000000000000000000000000 0000100
0100000000000000000000000000000000000000000000000 0000100
0000000000000000000000000000000000000000000000000 0000100
0000000000000000000000000000000000000000000000000 0000100
0000000000000000000000000000000000000000000000000 0000100
0000000000000000000000000000000000000000000000000 0000100
0000000000000000000000000000000000000000000000000 0000100
0000000000000000000000000000000000000000000000000 0000100
0000000000000000000000000000000000000000000000000 0000100
0000000000000000000000000000000000000000000000000 0000100
0000000000000000000000000000000000000000000000000 0000100
0000000000000000000000000000000000000000000000000 0000100
0000000000000000000000000000000000000000000000000 0000100
0000000000000000000000000000000000000000000000000 0000100
0000000000000000000000000000000000000000000000000 0000100
0000000000000000000000000000000000000000000000000 0000100
0000000000000000000000000000000000000000000000000 0000100
0000000000000000000000000000000000000000000000000 0000100
0000000000000000000000000000000000000000000000000 0000100
0000000000000000000000000000000000000000000000000 0000100
0000000000000000000000000000000000000000000000000 0000100
0000000000000000000000000000000000000000000000000 0000100
0000000000000000000000000000000000000000000000000 0000100
0000000000000000000000000000000000000000000000000 0000100
0000000000000000000000000000000000000000000000000 0000100
0000000000000000000000000000000000000000000000000 0000100
0000000000000000000000000000000000000000000000000 0000100
0000000000000000000000000000000000000000000000000 0000100
0000000000000000000000000000000000000000000000000 0000100
0000000000000000000000000000000000000000000000000 0000100
0000000000000000000000000000000000000000000000000 0000100
0000000000000000000000000000000000000000000000000 0000100
0000000000000000000000000000000000000000000000000 0000100
0000000000000000000000000000000000000000000000000 0000100
