49
49
7
0000000000000000000000000000000000000000000000000 0000100
0000000000000000000000000000000000000000000000000 0000100
0000000000000000000000000000000000000000000000000 0000100
0000000000000000000000000000000000000000000000000 0000100
0000000000000000000000000000000000000000000000000 0000100
0000000000000000000000000000000000000000000000000 0000100
0000000000000000000000000000000000000000000000000 0000100
0000000000000000000000000000000000000000000000000 0000100
0000000000000000000000000000000000000000000000000 0000100
0000000000000000000000000000000000000000000000000 0000100
0000000000000000000000000000000000000000000000000 0000100
0000000000000000000000000000000000000000000000000 0000100
0000000000000000000000000000000000000000000000000 0000100
0000000000000000000000000000000000000000000000000 0000100
3000000000000000000000000000000000000000000000000 0000100
6422000000000000000000000000000000000000000000000 0000100
8766000000000000000000000000000000000000000000000 0000100
9798000000000000000000000000000000000000000000000 0000100
0009000000000000000000000000000000000000000000000 0000100
0098000000000000000000000000000000000000000000000 0000100
0098000000000000000000000000000000000000000000000 0000100
0098200000000000000000000000000000000000000000000 0000100
0099420000000000000000000000000000000000000000000 0000100
0009740000000000000000000000000000000000000000000 0000100
0009962000000000000000000000000000000000000000000 0000100
0009073000000000000000000000000000000000000000000 0000100
0009975200000000000000000000000000000000000000000 0000100
0998864100000000000000000000000000000000000000000 0000100
5677653000000000000000000000000000000000000000000 0000100
2346320000000000000000000000000000000000000000000 0000100
1124000000000000000000000000000000000000000000000 0000100
2211000000000000000000000000000000000000000000000 0000100
5310000000000000000000000000000000000000000000000 0000100
8420000000000000000000000000000000000000000000000 0000100
3020000000000000000000000000000000000000000000000 0000100
2110000000000000000000000000000000000000000000000 0000100
0000000000000000000000000000000000000000000000000 0000100
0000000000000000000000000000000000000000000000000 0000100
0000000000000000000000000000000000000000000000000 0000100
0000000000000000000000000000000000000000000000000 0000100
0000000000000000000000000000000000000000000000000 0000100
0000000000000000000000000000000000000000000000000 0000100
0000000000000000000000000000000000000000000000000 0000100
0000000000000000000000000000000000000000000000000 0000100
0000000000000000000000000000000000000000000000000 0000100
0000000000000000000000000000000000000000000000000 0000100
0000000000000000000000000000000000000000000000000 0000100
0000000000000000000000000000000000000000000000000 0000100
0000000000000000000000000000000000000000000000000 0000100
