49
49
7
000000YXVUVXOOLJGEC072000000000000000000000000000 0001100
00000XUPLIIHNLKGC00020000000000000000000000000000 0001100
00ZZZYWURPONFHIHB91000000000000000000000000000000 0001100
VUTTONMLJIHGBBA0910000000000000000000000000000000 0001100
LKKKEDCBA0009740000000000000000000000000000000000 0001100
EDDCCB0009761000000000000000000000000000000000000 0001100
0000008400000000000000000000000000000000000000000 0001100
4333000000000000000000000000000000000000000000000 0001100
0000000000000000000000000000000000000000000000000 0001100
0000000000000000000000000000000000000000000000000 0001100
0000000000000000000000000000000000000000000000000 0001100
0000000000000000000000000000000000000000000000000 0001100
0000000000000000000000000000000000000000000000000 0001100
0000000000000000000000000000000000000000000000000 0001100
0000000000000000000000000000000000000000000000000 0001100
0000000000000000000000000000000000000000000000000 0001100
0000000000000000000000000000000000000000000000000 0001100
0000000000000000000000000000000000000000000000000 0001100
0000000000000000000000000000000000000000000000000 0001100
0000000000000000000000000000000000000000000000000 0001100
0000000000000000000000000000000000000000000000000 0001100
0000000000000000000000000001000000000000000000000 0001100
0000000000000000000000000012000000000000000000000 0001100
0000000000000000000000000012000000000000000000000 0001100
3445222222223333333332100001000000000000000000000 0001100
6778555555556666666664200000000000000000000000000 0001100
0000000000009887665533333333400001210000000000000 0001100
0000000000000099877633333333300001100000000000000 0001100
CBA0CBBA00000000009933333333300000000000000000000 0001100
FEDCEDDCBBAA0000000033333333200000000000000000000 0001100
HGEDFEEDCCBB0000000033333333100000000000000000000 0001100
HGFEEEDDCBBA0000000033333333000000000000000000000 0001100
GFEDDCCBAA000000000033333333000000000000000000000 0001100
IFFCEBDAB0A00000000953535353100010000000000000000 0001100
JIJIEDECDCCBB000000986643110000000000000000000000 0001100
JJJJFFEDCBAAAA00000977643100000000000000000000000 0001100
HHHHGGECA0000000098866532000111000000000000000000 0001100
GGGGHGEB00000000876554320000110000000000000000000 0001100
EEEEFECA00980098654332100000000000000000000000000 0001100
DDDDCBA000998875421111000000000000000000000000000 0001100
BBBB000000007653210000000000000000000000000000000 0001100
BBBB000000006543100000000000000000000000000000000 0001100
0000000098761100000042000000000000000000000000000 0001100
0000000097660000000000000000000000000000000000000 0001100
0000000986550000000000000000000000000000000000000 0001100
0000009865431100000000000000000000000000000000000 0001100
0000987643213310000000000000000000000000000000000 0001100
0099776431002200000000000000000000000000000000000 0001100
7666665320000000000000000000000000000000000000000 0001100
