49
49
7
00000000000000000000000000600CDCA00000BDFGGGGHIJJ 0001100
00000000000000000000000000018000099900ACEFFFGGHII 0001100
0000000000000000000000000000002154102300000ADDAAC 0001100
00000000000000000000000000000000000000257600BB0AD 0001100
000000000000000000000000000000000000000000590000D 0001100
000000000000000000000000000000000000000000049000D 0001100
000000000000000000000000000000000000000000005890A 0001100
0000000000000000000000000000000000000000000025680 0001100
0000000000000000000000000000000000000000000013350 0001100
0000000000000000000000000000000000000000000002238 0001100
0000000000000000000000000000000000000000000002125 0001100
0000000000000000000000000000000000000000000002225 0001100
0000000000000000000000000000000000000000000002236 0001100
0000000000000000000000000000000000000000000013347 0001100
0000000000000000000000000000000000000000000024458 0001100
0000000000000000000000000000000000000000000025558 0001100
0000000000000000000000000000000000000000000035569 0001100
0010000000000000000000000000000000000000000025558 0001100
1100000000000000000000000000000000000000000003689 0001100
0000000000000000000000000000000000000000000002577 0001100
0000000000000000000000000000000000000000000000356 0001100
0000000000000000000000000000000000000000000000245 0001100
0000000000000000000000000000000000000000000000134 0001100
0000000000000000000000000000000000000000000000022 0001100
0000000000000000000000000000000000000000000000123 0001100
0000000000000000000000000000000000000000000000023 0001100
0000000000000000000000000000000000000000000000001 0001100
0000000003000000000000000000000000000000000000004 0001100
0000000000000000000000000000000000000000000000036 0001100
0000000000000000000000000000000000000000000000056 0001100
0000000000000000000000000000000000000000000000013 0001100
0000000000000000000000000000000000000000000000000 0001100
0000000000000000000000000000000000000000000000000 0001100
0000000000000000000000000000000000000000000000000 0001100
0000000000000000000000000000000000000000000000000 0001100
0000000000000000000000000000000000000000000000000 0001100
0000000000000000000000000000000000000000000000000 0001100
0000000000000000000000000000000000000000000000000 0001100
0000000000000000000000000000000000000000000000000 0001100
0000000000000000000000000000000000000000000000000 0001100
0000000000000000000000000000000000000000000000000 0001100
0000000000000000000016156300000000000000000000000 0001100
00000000000000000000078880060992000000004A1000000 0001100
000000000000000000003777793005NS40300021174200000 0001100
91000000000000000004095446060W00I3900002248620000 0001100
0900000000000000024895000001N0V200000000600850000 0001100
0850000000000002560000000000000000000000409850000 0001100
3022200000000000000000000000000000005500066530000 0001100
0000000000002000000000000000000000050500001100000 0001100
