49
49
7
FEHFGCC000000987653000000000000003000ADGB00000006 0001100
GEDA000800000854210000000000000001600DFGAAAAAAAB0 0001100
CCA0000900000753000000000000000001600CEFBBBBBBBB0 0001100
0000000000009642000000000000000002600CEFCCCCCCCCC 0001100
0000000988886410000000000000000003700BDDDDDDDDDDE 0001100
9888877734442000000000000000000014800BCCDDDDDDDDD 0001100
8876543300000000000000000000000025800ABBEEEEEEEEB 0001100
9875310000000000000000000000000035900AAAFFFFFFFFC 0001100
08741000000000000000000000000000469000AAFFFFFFFFE 0001100
76520000000000000000000000000000346900ABABEGHIIHD 0001100
653100000000000000000000000000002358000A0BDGHIHHD 0001100
33100000000000000000000000000000124700000ADFHHHGD 0001100
000000000000000000000000000000000025800000CEGGGGD 0001100
000000000000000000000000000000000014700000BDFFFFD 0001100
000000000000000000000000000000000002580000ADEFEED 0001100
000000000000000000000000000000000001479000ACEEEDD 0001100
000000000000000000000000000000000000368900BCFEFDF 0001100
000000000000000000000000000000000000170A00CDFEFDE 0001100
0000000000000000000000000000000000003700000ABCBBC 0001100
0000000000000000000000000000000000000025369000000 0001100
0000000000000000000000000000000000000000001265742 0001100
0000000000000000000000000000000000000000000000000 0001100
0000000000000000000000000000000000000000000000000 0001100
0000000000000000000000000000000000000000000000000 0001100
0000000000000000000000000000000000000000000000000 0001100
0000000000000000000000000000000000000000000000000 0001100
0000000000000000000000000000000000000000000000000 0001100
0000000000000000000000000000000000000000000400380 0001100
0000000000000000000000000000000000000000000400190 0001100
0000000000000000000000000000000000000000000000009 0001100
10000000000000000000000000000000000000000000000D0 0001100
11000000000000000000000000000000000000000000000D0 0001100
111000000000000000000000000000000000000000000009B 0001100
22100000000000000000000000000000000000000000000DE 0001100
2211000000000000000000000000000000000000000000000 0001100
3221000000000000000000000000000000000000000000007 0001100
4332110010000000000000000000000000000000001400000 0001100
4433211010000000000000000003400000000000006070000 0001100
5544322020000000000000000016750000000000007007254 0001100
65543321300000000000000000268753111100004250D0000 0001100
66544321310000000000000000368876445431010540D00AF 0001100
66666665532110000000000000169000096310030000CFKKE 0001100
66666665532110000000000000260000008520020000EHLNM 0001100
55555554532110000000000000270000000852017000BFLNU 0001100
44444443532110000000000000370000A000841067000EIMX 0001100
44444443532110000000000000480000AAA0083368900AEHW 0001100
333333325321100000000000004900AA0ABB00878879000BM 0001100
222222215321100000000000015900AB00BDC00900876800C 0001100
442221115341301010000000005900BA00BDEA00009654680 0001100
