49
49
7
0000000000000000000000000000000000000000000000000 0000000
0000000000000000000000000000000000000000000000000 0000000
0000000000000000000000000000000000000000000000000 0000000
0000000000000000000000000000000000000000000000000 0000000
0000000000000000000000000000000000000000000000000 0000000
0000000000000000000000000000000000000000000000000 0000000
0000000000000000000000000000000000000000000000000 0000000
0000000000000000000000000000000000000000000000000 0000000
0000000000000000000000000000000000000000000000000 0000000
0000000000000000000000000000000000000000000000000 0000000
0000000000000000000000000000000000000000000000000 0000000
0000000000000000000000000000000000000000000000000 0000000
000000000000000Y000000000000000000000000000000000 0000000
0000000000000000000000000000000000000000000000000 0000000
0000000000000000000000000000000000000000000000000 0000000
0000000000000000000000000000000000000000000000000 0000000
0000000000000000000000000000000000000000000000000 0000000
0000000000000000000000000000000000000000000000000 0000000
0000000000000000000000000000000000000000000000000 0000000
0000000000000000000000000000000000000000000000000 0000000
0000000000000000000000000000000000000000000000000 0000000
0000000000000000000000000000000000000000000000000 0000000
0000000000000000000000000000000000000000000000000 0000000
0000000000000000000000000000000000000000000000000 0000000
0000000000000000000000000000000000000000000000000 0000000
0000000000000000000000000000000000000000000000000 0000000
0000000000000000000000000000000000000000000000000 0000000
0000000000000000000000000000000000000000000000000 0000000
0000000000000000000000000000000000000000000000000 0000000
0000000000000000000000000000000000000000000000000 0000000
0000000000000000000000000000000000000000000000000 0000000
0000000000000000000000000000000000000000000000000 0000000
0000000000000000000000000000000000000000000000000 0000000
0000000000000000000000000000000000000000000000000 0000000
0000000000000000000000000000000000000000000000000 0000000
0000000000000000000000000000000000000000000000000 0000000
0000000000000000000000000000000000000000000000000 0000000
0000000000000000000000000000000000000000000000000 0000000
0000000000000000000000000000000000000000000000000 0000000
00000000000000000000000000000ZZ000000000000000000 0000000
00000000000000000000000000000WWV00000000000000000 0000000
00000000000000000000000000000ZVUV0000000000000000 0000000
000000000000000000000000000000WTSWY00000000000000 0000000
00000000000000000000000000000000000Z0X00000000000 0000000
000000000000000000000000000000000000YWVY000000000 0000000
000000000000000000000000000000000000ZXWXX00000000 0000000
0000000000000000000000000000000000000WTSU00000000 0000000
00000000000000000000000000000000000000QKHV0000000 0000000
000000000000000000000000000000000000000P0Z0000000 0000000
