49
49
7
000000000000000000000000R200006N00000000000000000 0000000
000000000000000000000000T700009DU0000000000000000 0000000
000000000000000000000000W9003300JR000000000000000 0000000
000000000000000000000000X00060BDOR000000000000000 0000000
000000000000000000000000X00200DHR0000000000000000 0000000
000000000000000000000000Z0060ADKT0000000000000000 0000000
000000000000000000000000YC10BFJR00000000000000000 0000000
000000000000000000000000XG80CLU000000000000000000 0000000
0000000000000000000000000L00IU0000000000000000000 0000000
0000000000000000000000000QFFLT0000000000000000000 0000000
0000000000000000000000000SOLU00000000000000000000 0000000
0000000000000000000000000UQT000000000000000000000 0000000
0000000000000000000000000UPY000000000000000000000 0000000
0000000000000000000000000WQ0000000000000000000000 0000000
00000000000000000000000000X0000000000000000000000 0000000
0000000000000000000000000000000000000000000000000 0000000
0000000000000000000000000000000000000000000000000 0000000
0000000000000000000000000000000000000000000000000 0000000
0000000000000000000000000000000000000000000000000 0000000
000000000000000000000000ZS00000000000000000000000 0000000
000000000000000000000000WV00000000000000000000000 0000000
0000000000000000000000000000000000000000000000000 0000000
0000000000000000000000000000000000000000000000000 0000000
0000000000000000000000000000000000000000000000000 0000000
0000000000000000000000000000000000000000000000000 0000000
0000000000000000000000000000000000000000000000000 0000000
0000000000000000000000000000000000000000000000000 0000000
0000000000000000000000000000000000000000000000000 0000000
0000000000000000000000000000000000000000000000000 0000000
0000000000000000000000000000000000000000000000000 0000000
0000000000000000000000000000000000000000000000000 0000000
0000000000000000000000000000000000000000000000000 0000000
0000000000000000000000000000000000000000000000000 0000000
0000000000000000000000000000000000000000000000000 0000000
0000000000000000000000000000000000000000000000000 0000000
0000000000000000000000000000000000000000000000000 0000000
0000000000000000000000000000000000000000000000000 0000000
0000000000000000000000000000000000000000000000000 0000000
0000000000000000000000000000000000000000000000000 0000000
0000000000000000000000000000000000000000000000000 0000000
0000000000000000000000000000000000000000000000000 0000000
0000000000000000000000000000000000000000000000000 0000000
0000000000000000000000000000000000000000000000000 0000000
0000000000000000000000000000000000000000000000000 0000000
0000000000000000000000000000000000000000000000000 0000000
0000000000000000000000000000000000000000000000000 0000000
0000000000000000000000000000000000000000000000000 0000000
0000000000000000000000000000000000000000000000000 0000000
0000000000000000000000000000000000000000000000000 0000000
