49
49
7
0000000000000000000000000000000000000000000000000 0000000
00Y0000000000000000000000000000000000000000000000 0000000
0000000000000000000000000000000000000000000000000 0000000
0000000000000000000000000000000000000000000000000 0000000
0000000000000000000000000000000000000000000000000 0000000
0000000000000000000000000000000000000000000000000 0000000
0000000000000000000000000000000000000000000000000 0000000
0000000000000000000000000000000000000000000000000 0000000
0000000000000000000000000000000000000000000000000 0000000
0000000000000000000000000000000000000000000000000 0000000
0000000000000000000000000000000000000000000000000 0000000
0000000000000000000000000000000000000000000000000 0000000
0000000000000000000000000000000000000000000000000 0000000
0000000000000000000000000000000000000000000000000 0000000
0000000000000000000000000000000000000000000000000 0000000
0000000000000000000000000000000000000000000000000 0000000
0000000000000000000000000000000000000000000000000 0000000
0000000000000000000000000000000000000000000000000 0000000
0000000000000000000000000000000000000000000000000 0000000
0000000000000000000000000000000000000000000000000 0000000
0000000000000000000000000000000000000000000000000 0000000
0000000000000000000000000000000000000000000000000 0000000
0000000000000000000000000000000000000000000000000 0000000
0000000000000000000000000000000000000000000000000 0000000
0000000000000000000000000000000000000000000000000 0000000
0000000000000000000000000000000000000000000000000 0000000
0000000000000000000000000000000000000000000000000 0000000
0000000000000000000000000000000000000000000000000 0000000
0000000000000000ZZ0000000000000000000000000000000 0000000
0000000000000000WWV000000000000000000000000000000 0000000
0000000000000000ZVUV00000000000000000000000000000 0000000
00000000000000000WTSWY000000000000000000000000000 0000000
0000000000000000000000Z0X000000000000000000000000 0000000
00000000000000000000000YWVY0000000000000000000000 0000000
00000000000000000000000ZXWXX000000000000000000000 0000000
000000000000000000000000WTSU000000000000000000000 0000000
0000000000000000000000000QKHV00000000000000000000 0000000
00000000000000000000000000P0Z00000000000000000000 0000000
000000000000000000000000000B000000000000000000000 0000000
00000000000000000000000000X8000000000000000000000 0000000
00000000000000000000000000N0000000000000000000000 0000000
000000000000000000000000000L000000000000000000000 0000000
0000000000000000000000000Y00000000000000000000000 0000000
0000000000000000000000000RF0000000000000000000000 0000000
0000000000000000000000000NT0000000000000000000000 0000000
0000000000000000000000000P00000000000000000000000 0000000
000000000000000000000000N000000000000000000000000 0000000
00000000000000000000000YI000000000000000000000000 0000000
00000000000000000000000NP000000000000000000000000 0000000
