49
49
7
000000000027000CIMQSTY00000000000000000000000UTSS 0000000
000000005690A0CGMQTVX000000000000000000000000YXXW 0000000
0000005000000BEKOTWZZ000000000000000000000000000Z 0000000
00001600AA0BEHJOTZ0000000000000000000000000000000 0000000
00023060AEGKOLNUY00000000000000000000000000000000 0000000
005900DOW0YTPY00000000000000000000000000000000000 0000000
05900AFOUYXVU000000000000000000000000000000000000 0000000
4900AFHNSVXZ0000000000000000000000000000000000000 0000000
7000AKMORUX00000000000000000000000000000000000000 0000000
90000POPRW000000000000000000000000000000000000000 0000000
9000APRRVY000000000000000000000000000000000000000 0000000
00BEFQRVZ0000000000000000000000000000000000000000 0000000
0BFIKPTY00000000000000000000000000000000000000000 0000000
AGJLOSUW00000000000000000000000000000000000000000 0000000
GKORRVX000000000000000000000000000000000000000000 0000000
LPUVX00000000000000000000000000000000000000000000 0000000
NTWYZ00000000000000000000000000000000000000000000 0000000
QUWZ000000000000000000000000000000000000000000000 0000000
SWZ0000000000000000000000000000000000000000000000 0000000
W000000000000000000000000000000000000000000000000 0000000
0000000000000000000000000000000000000000000000000 0000000
0000000000000000000000000000000000000000000000000 0000000
0000000000000000000000000000000000000000000000000 0000000
0000000000000000000000000000000000000000000000000 0000000
0000000000000000000000000000000000000000000000000 0000000
0000000000000000000000000000000000000000000000000 0000000
0000000000000000000000000000000000000000000000000 0000000
0000000000000000000000000000000000000000000000000 0000000
0000000000000000000000000000000000000000000000000 0000000
0000000000000000000000000000000000000000000000000 0000000
0000000000000000000000000000000000000000000000000 0000000
0000000000000000000000000000000000000000000000000 0000000
0000000000000000000000000000000000000000000000000 0000000
0000000000000000000000000000000000000000000000000 0000000
0000000000000000000000000000000000000000000000000 0000000
0000000000000000000000000000000000000000000000000 0000000
0000000000000000000000000000000000000000000000000 0000000
0000000000000000000000000000000000000000000000000 0000000
0000000000000000000000000000000000000000000000000 0000000
0000000000000000000000000000000000000000000000000 0000000
0000000000000000000000000000000000000000000000000 0000000
0000000000000000000000000000000000000000000000000 0000000
0000000000000000000000000000000000000000000000000 0000000
0000000000000000000000000000000000000000000000000 0000000
0000000000000000000000000000000000000000000000000 0000000
0000000000000000000000000000000000000000000000000 0000000
0000000000000000000000000000000000000000000000000 0000000
0000000000000000000000000000000000000000000000000 0000000
0000000000000000000000000000000000000000000000000 0000000
