49
49
7
00000000000003590CGIJOQSUVYZ0ZYZXXWWV0Z0ZZYYXKJII 0001011
0000000000037690CGJLNRTUWY00000000Z0Y00000Y0XONNM 0001011
000000012102580AEJMPPUUWY00000000000000000ZYWTQQP 0001011
000000067768000EJPRUUYY00000000000000000000ZXWVUT 0001011
00000004700AEBDKOTVXY00000000000000000000000YXXWW 0001011
0000240EMQOJFOQSUX000000000000000000000000000TTTT 0001011
0003570EKONLKUXY00000000000000000000000000000XXXX 0001011
0026700DILNPQZ00000000000000000000000000000000000 0001011
01367ACEHKNSV000000000000000000000000000000000000 0001011
02366FEFHMQVY000000000000000000000000000000000000 0001011
02467FHHLOTW0000000000000000000000000000000000000 0001011
25800GHLPSWYZ000000000000000000000000000000000000 0001011
3800AFJOSWXY0000000000000000000000000000000000000 0001011
700BEIKMQVY00000000000000000000000000000000000000 0001011
0AEHHLNQSY000000000000000000000000000000000000000 0001011
BFKLNRSWZ0000000000000000000000000000000000000000 0001011
DJMOPVW000000000000000000000000000000000000000000 0001011
GKMPQ00000000000000000000000000000000000000000000 0001011
IMPSS00000000000000000000000000000000000000000000 0001011
MRUWW00000000000000000000000000000000000000000000 0001011
SWY0000000000000000000000000000000000000000000000 0001011
0000000000000000000000000000000000000000000000000 0001011
0000000000000000000000000000000000000000000000000 0001011
0000000000000000000000000000000000000000000000000 0001011
0000000000000000000000000000000000000000000000000 0001011
0000000000000000000000000000000000000000000000000 0001011
0000000000000000000000000000000000000000000000000 0001011
0000000000000000000000000000000000000000000000000 0001011
0000000000000000000000000000000000000000000000000 0001011
0000000000000000000000000000000000000000000000000 0001011
0000000000000000000000000000000000000000000000000 0001011
0000000000000000000000000000000000000000000000000 0001011
0000000000000000000000000000000000000000000000000 0001011
0000000000000000000000000000000000000000000000000 0001011
0000000000000000000000000000000000000000000000000 0001011
0000000000000000000000000000000000000000000000000 0001011
0000000000000000000000000000000000000000000000000 0001011
0000000000000000000000000000000000000000000000000 0001011
0000000000000000000000000000000000000000000000000 0001011
0000000000000000000000000000000000000000000000000 0001011
0000000000000000000000000000000000000000000000000 0001011
0000000000000000000000000000000000000000000000000 0001011
0000000000000000000000000000000000000000000000000 0001011
0000000000000000000000000000000000000000000000000 0001011
0000000000000000000000000000000000000000000000000 0001011
0000000000000000000000000000000000000000000000000 0001011
0000000000000000000000000000000000000000000000000 0001011
0000000000000000000000000000000000000000000000000 0001011
0000000000000000000000000000000000000000000000000 0001011
