49
49
7
8876655532000000005AEDEB007767842002580GOOICBDCCD 0001011
9877666632000000009EGDCA0954225100000140DHGC0000A 0001011
9887666632000000000GHDB008430040000000050BEB07000 0001011
0976547620000000070ABB007887002000000000280000087 0001011
0976546620000000080BCC009986000000000000026000006 0001011
0976546510000000000DDDA00085000000000000000370009 0001011
097654541000000020ADDDD00095000000000000000037000 0001011
0976544300000000300DCCEA000600000000000000000470E 0001011
0976544300000000200BAAD0000800000000000000000160C 0001011
0976543200000000190000B00000200000000000001100880 0001011
0875533200000000180000000000400000000000546200041 0001011
06734400000000000060ABECA000983000000100000022435 0001011
6431001000000000465580BA0000005421124300001223334 0001011
3100003100000000605017000000007643346521223444334 0001011
0000001000000000045433899000008765567654555555334 0001011
0000000000000000003072667800008765567676666555334 0001011
0000000000000000000460556789007643346587655443334 0001011
0000000000000000000000556677785421124376543221334 0001011
0000000000000000000000666666663210012175432100334 0001011
2200000000000000000000001000010146641022234455334 0001011
0000000000000000000000000000000023320021123444334 0001011
0000000000000000000000000000000000000000012233233 0001011
0000000000000000000000000000000000000000000112122 0001011
0000000000000000000000000001000000000000000000112 0001011
0000000000000000000000000000000000000000000000001 0001011
0000000000000000000000000000000000000000000000000 0001011
0000000000000000000000000000001000000100000000001 0001011
0000000000000000000000000000002000000000000000000 0001011
0000000000000000000000000000000000000000000000000 0001011
0000000000000000000000000000000000000000000000000 0001011
0000000000000000000000000300000000000000000000000 0001011
0000000000000000000000000330000000000000000000000 0001011
0000000000000000000000000010000000000000000000000 0001011
0000000000000000000000000000000000000000000000000 0001011
0000000000000000000000000000000000000000000000000 0001011
0000000000000000000000000000100000000000000000000 0001011
0000000000000000000000000000050000000000000000000 0001011
0000000000000000000000000000000300000000000000000 0001011
0000000000000000000000000000001530000000000000000 0001011
0000000000000000000000000000000540000000000000000 0001011
0000000000000000000000000000000230000000000000000 0001011
0000000000000000000000000000000000100000000000000 0001011
0000000000000000000000000000000000220000000000000 0001011
0000000000000000000000000000000005600000000000000 0001011
0000000000000000000000000000000003400000000000000 0001011
0000000000000000000000000000000000200000000000000 0001011
B700000000000000000000000000000000000000000000000 0001011
0A00000000000000000000000000000000000000000000000 0001011
AB00000000000000000000000000000000000000000000000 0001011
