49
49
7
0000000002589BDHLOQRRVVWYZ00000000000000000000000 0001100
0000000005800EGKNQSSSTTUWXZ0000000000000000000000 0001100
00000005800CDHJMPRSTTTTVWXZ0000000000000000000000 0001100
000004500BFHJLORUWXXX0000000000000000000000000000 0001100
000344700BFHKQTVY00000000000000000000000000000000 0001100
0269000BFILOQ000000000000000000000000000000000000 0001100
5900ADFHKNQSV000000000000000000000000000000000000 0001100
0ADGHKLNQTWY0000000000000000000000000000000000000 0001100
CFILMPQRUWZ00000000000000000000000000000000000000 0001100
GJMOPRSUWYZ00000000000000000000000000000000000000 0001100
KMOQRTUVWY000000000000000000000000000000000000000 0001100
QSUVWYZ000000000000000000000000000000000000000000 0001100
TVXYZ00000000000000000000000000000000000000000000 0001100
TUY0000000000000000000000000000000000000000000000 0001100
UYZ0000000000000000000000000000000000000000000000 0001100
Y000000000000000000000000000000000000000000000000 0001100
0000000000000000000000000000000000000000000000000 0001100
0000000000000000000000000000000000000000000000000 0001100
0000000000000000000000000000000000000000000000000 0001100
0000000000000000000000000000000000000000000000000 0001100
0000000000000000000000000000000000000000000000000 0001100
0000000000000000000000000000000000000000000000000 0001100
0000000000000000000000000000000000000000000000000 0001100
0000000000000000000000000000000000000000000000000 0001100
0000000000000000000000000000000000000000000000000 0001100
0000000000000000000000000000000000000000000000000 0001100
0000000000000000000000000000000000000000000000000 0001100
0000000000000000000000000000000000000000000000000 0001100
0000000000000000000000000000000000000000000000000 0001100
0000000000000000000000000000000000000000000000000 0001100
0000000000000000000000000000000000000000000000000 0001100
0000000000000000000000000000000000000000000000000 0001100
0000000000000000000000000000000000000000000000000 0001100
0000000000000000000000000000000000000000000000000 0001100
0000000000000000000000000000000000000000000000000 0001100
0000000000000000000000000000000000000000000000000 0001100
0000000000000000000000000000000000000000000000000 0001100
0000000000000000000000000000000000000000000000000 0001100
0000000000000000000000000000000000000000000000000 0001100
0000000000000000000000000000000000000000000000000 0001100
0000000000000000000000000000000000000000000000000 0001100
0000000000000000000000000000000000000000000000000 0001100
0000000000000000000000000000000000000000000000000 0001100
0000000000000000000000000000000000000000000000000 0001100
0000000000000000000000000000000000000000000000000 0001100
0000000000000000000000000000000000000000000000000 0001100
0000000000000000000000000000000000000000000000000 0001100
0000000000000000000000000000000000000000000000000 0001100
0000000000000000000000000000000000000000000000000 0001100
