49
49
7
0000000000000000000000000000000000000000000000000 0000000
0000000000000000000000000000000000000000000000000 0000000
0000000000000000000000000000000000000000000000000 0000000
0000000000000000000000000000000000000000000000000 0000000
0000000000000000000000000000000000000000000000000 0000000
0000000000000000000000000000000000000000000000000 0000000
0000000000000000000000000000000000000000000000000 0000000
0000000000000000000000000000000000000000000000000 0000000
0000000000000000000000000000000000000000000000000 0000000
0000000000000000000000000000000000000000000000000 0000000
0000000000000000000000000000000000000000000000000 0000000
0000000000000000000000000000000000000000000000000 0000000
0000000000000000000000000000000000000000000000000 0000000
0000000000000000000000000000000000000000000000000 0000000
0000000000000000000000000000000000000000000000000 0000000
0000000000000000000000000000000000000000000000000 0000000
0000000000000000000000000000000000000000000000000 0000000
0000000000000000000000000000000000000000000000000 0000000
0000000000000000000000000000000000000000000000000 0000000
0000000000000000000000000000000000000000000000000 0000000
0000000000000000000000000000000000000000000000000 0000000
00000000000000000000000000000000YW000000000000000 0000000
00000000000000000000000000000000XV000000000000000 0000000
0000000000000000000000000000000ZWU000000000000000 0000000
0000000000000000000000000000000ZWT000000000000000 0000000
0000000000000000000000000000000ZWU000000000000000 0000000
00000000000000000000000000000000YW000000000000000 0000000
000000000000000000000000000000000Z000000000000000 0000000
0000000000000000000000000000000000000000000000000 0000000
000000000000000000000000000000000W000000000000000 0000000
000000000000000000000000000000000X000000000000000 0000000
000000000000000000000000000000000Z000000000000000 0000000
0000000000000000000000000000000000Y00000000000000 0000000
0000000000000000000000000000000000000000000000000 0000000
0000000000000000000000000000000000000000000000000 0000000
0000000000000000000000000000000000000Y00000000000 0000000
0000000000000000000000000000000000000XWZ000000000 0000000
0000000000000000000000000000000000000YTRSS0000000 0000000
00000000000000000000000000000000000000VQSQTUVX000 0000000
00000000000000000000000000000000000000WRRPLLNPSW0 0000000
000000000000000000000000000000000000000VTPGGFFGIK 0000000
000000000000000000000000000000000000000ZVTKHEB000 0000000
00000000000000000000000000000000000000000YRPKE000 0000000
000000000000000000000000000000000000000000ZVQLGCA 0000000
00000000000000000000000000000000000000000000WRNLJ 0000000
0Z0XYWYX000000000000000000000000000000000000YVSPN 0000000
YXXWVUUVWX00000000000000000000000000000000000XURP 0000000
WVVUSRRRSTY00000000000000000000000000000000000YVT 0000000
SRRQPOOPQRX000000000000000000000000000000000000ZX 0000000
