49
49
7
0000000000000000000000000000000000000000000000000 0000000
0000000000000000000000000000000000000000000000000 0000000
0000000000000000000000000000000000000000000000000 0000000
0000000000000000000000000000000000000000000000000 0000000
0000000000000000000000000000000000000000000000000 0000000
0000000000000000000000000000000000000000000000000 0000000
0000000000000000000000000000000000000000000000000 0000000
0000000000000000000000000000000000000000000000000 0000000
0000000000000000000000000000000000000000000000000 0000000
0000000000000000000000000000000000000000000000000 0000000
0000000000000000000000000000000000000000000000000 0000000
0000000000000000000000000000000000000000000000000 0000000
0000000000000000000000000000000000000000000000000 0000000
0000000000000000000000000000000000000000000000000 0000000
0000000000000000000000000000000000000000000000000 0000000
0000000000000000000000000000000000000000000000000 0000000
00000000000000000000000000000ZZYYXX00000000000000 0000000
000000000000000000000000000YWWWWVVVZZZZZZZZ000000 0000000
00000000000000000000000ZXVTWUUUUVVVWWWWWWWW000000 0000000
0000000000000000000WVUTSQPOSQRRSSTTRRRRRRRRZZZZZZ 0000000
0000000000000000YVULLLLLLLKMLLMNOPPNNNNNNNNSSSSSS 0000000
000000000000000WQMKFFGHHIJIIGHIJKLNMMMMMMNNNNONNN 0000000
0000000000000ZSMHFDCCDEEFGFECDFIJKMRQQONNOOMLONMK 0000000
00000000000ZWRMHDBAAABBCDDD000AEGIKQPPNOOOPMMNNLJ 0000000
000VVVUUTTSMKGDA0000000AABA000BFHKLNNNMONONMMNNKI 0000000
0ZXPPNMKJHHBA00000000000AAA00BEIKNPLLNNPOONPOPPNJ 0000000
XTRIIGECA0000090000000000AA000CFHLMKLPRSRPNSSSRPK 0000000
QLI000008768766790000000000779000AAFHMPRPNLUSSRPL 0000000
GB0543210003322357844456777778800000CILNLJGQQQNKG 0000000
A070000000000000134000011220000000000DIJHGDONMLIC 0000000
01000000000000001110000170AEFEDDBCCGGHJJJKJKHECEG 0000000
50000000000014790001125800CEEFFGHJKNOQQQRRRQLIFGI 0000000
00000000012000CFGGG00BDEEEEGIJLOQSSXZZ00000VROLLL 0000000
10000026000CEILOQQQMNQRROLKPQRSVWXZ0000000000YTRR 0000000
9300247000AFHLPSUVVXY000XUS00000000000000000000ZY 0000000
EA066789000FHLQTWXX000000000000000000000000000000 0000000
OKGBA000000FIMQUXZZ000000000000000000000000000000 0000000
TQMOMKHEB00GINRWY00000000000000000000000000000000 0000000
000SRQPNMLKOONNPRTUXY0000000000000000000000000000 0000000
000YXWUTSQQQQPPQSUVXY0000000000000000000000000000 0000000
00000000YXXTTSRSUVXYZ0000000000000000000000000000 0000000
00000000000XXVVVWXZZ00000000000000000000000000000 0000000
0000000000000ZYYZ00000000000000000000000000000000 0000000
0000000000000000000000000000000000000000000000000 0000000
0000000000000000000000000000000000000000000000000 0000000
0000000000000000000000000000000000000000000000000 0000000
0000000000000000000ZZZYXXWX0000000000000000000000 0000000
00000000000000000000000ZYXX0000000000000000000000 0000000
0000000000000000000000000ZZ000YYY0000000000000000 0000000
