49
49
7
BA00851000000000000000000000000000000000000000000 0000000
A000850000000000000000000000000000000000000000000 0000000
A000750000000000000000000000000000000000000000000 0000000
0096421000000000000000000000000000000000000000000 0000000
0096410000000000000000000000000000000000000000000 0000000
0085310000000000000000000000000000000000000000000 0000000
0974210000000000000000000000000000000000000000000 0000000
9753200000000000000000000000000000000000000000000 0000000
7542100000000000000000000000000000000000000000000 0000000
5432100000000000000000000000000000000000000000000 0000000
3100000000000000000000000000000000000000000000000 0000000
0000000000000000000000000000000000000000000000000 0000000
0000000000000000000000000000000000000000000000000 0000000
0009090000000000000000000000000000000000000000000 0000000
000IQN0000000000000000000000000000000000000000000 0000000
03FX00A000000000000000000000000000000000000000000 0000000
20O0000000000000000000000000000000000000000000000 0000000
AMU0000Q00000000000000000000000000000000000000000 0000000
MVVZ000000000000000000000000000000000000000000000 0000000
JW000000X0000000000000000000000000000000000000000 0000000
LV00000000000000000000000000000000000000000000000 0000000
NX0000000R000000000000000000000000000000000000000 0000000
SZ00000000000000000000000000000000000000000000000 0000000
W000000000S00000000000000000000000000000000000000 0000000
0000000000000000000000000000000000000000000000000 0000000
00000000000X0000000000000000000000000000000000000 0000000
Z000000000000000000000000000000000000000000000000 0000000
000000000000O000000000000000000000000000000000000 0000000
000000000000V000000000000000000000000000000000000 0000000
0000000000000C00000000000000000000000000000000000 0000000
0000000000000Y00000000000000000000000000000000000 0000000
0000000000000040000000000000000000000000000000000 0000000
0000000000000000000000000000000000000000000000000 0000000
00000000000000G0000000000000000000000000000000000 0000000
00000000000000N1000000000000000000000000000000000 0000000
0000000000000000000000000000000000000000000000000 0000000
000000000000000F000000000000000000000000000000000 0000000
000000000000000Q000000000000000000000000000000000 0000000
0000000000000000800000000000000000000000000000000 0000000
0000000000000000F00000000000000000000000000000000 0000000
0000000000000000S00000000000000000000000000000000 0000000
0000000000000000010000000000000000000000000000000 0000000
0000000000000000070000000000000000000000000000000 0000000
00000000000000000I0000000000000000000000000000000 0000000
00000000000000000R0000000000000000000000000000000 0000000
0000000000000000006000000000000000000000000000000 0000000
000000000000000000C000000000000000000000000000000 0000000
000000000000000000P000000000000000000000000000000 0000000
0000000000000000000800000000000000000000000000000 0000000
