49
49
7
0000000000000000000000000000000000000000000000000 0000000
0000000000000000000000000000000000000000000000000 0000000
0000000000000000000000000000000000000000000000000 0000000
0000000000000000000000000000000000000000000000000 0000000
0000000000000000000000000000000000000000000000000 0000000
0000000000000000000000000000000000000000000000000 0000000
0000000000000000000000000000000000000000000000000 0000000
0000000000000000000000000000000000000000000000000 0000000
0000000000000000000000000000000000000000000000000 0000000
0000000000000000000000000000000000000000000000000 0000000
0000000000000000000000000000000000000000000000000 0000000
0000000000000000000000000000000000000000000000000 0000000
0000000000000000000000000000000000000000000000000 0000000
0000000000000000000000000000000000000000000000000 0000000
0000000000000000000000000000000000000000000000000 0000000
0000000000000000000000000000000000000000000000000 0000000
0000000000000000000000000000000000000000000000000 0000000
0000000000000000000000000000000000000000000000000 0000000
0000000000000000000000000000000000000000000000000 0000000
0000000000000000000000000000000000000000000000000 0000000
0000000000000000000000000000000000000000000000000 0000000
0000000000000000000000000000000000000000000000000 0000000
0000000000000000000000000000000000000000000000000 0000000
0000000000000000000000000000000000000000000000000 0000000
0000000000000000000000000000000000000000000000000 0000000
0000000000000000000000000000000000000000000000000 0000000
0000000000000000000000000000Z0000000000000YXUSSQP 0000000
0000000000000000000000000000VTVY00000000YWWSPJ004 0000000
0000000000000000000000000000TORWZ0000000000YRE000 0000000
0000000000000000000000000000XOX0000000000000ZH000 0000000
00000000000000000000000000000X000000000000000N000 0000000
000000000000000000000000000000000000000000000Q600 0000000
000000000000000000000000000000000000000000000P006 0000000
000000000000000000000000000000000000000000000P0HE 0000000
000000000000000000000000000000000000000000000REOQ 0000000
000000000000000000000000000000000000000000000WKY0 0000000
0000000000000000000000000000000000000000000000000 0000000
0000000000000000000000000000000000000000000000000 0000000
0000000000000000000000000000000000000000000000000 0000000
0000000000000000000000000000000000000000000000000 0000000
0000000000000000000000000000000000000000000000000 0000000
0000000000000000000000000000000000000000000000000 0000000
0000000000000000000000000000000000000000000000000 0000000
0000000000000000000000000000000000000000000000000 0000000
0000000000000000000000000000000000000000000000000 0000000
0000000000000000000000000000000000000000000000000 0000000
0000000000000000000000000000000000000000000000000 0000000
0000000000000000000000000000000000000000000000000 0000000
0000000000000000000000000000000000000000000000000 0000000
