49
49
7
0000000000000000000000000000000000000000000000000 0000000
0000000000000000000000000000000000000000000000000 0000000
0000000000000000000000000000000000000000000000000 0000000
0000000000000000000000000000000000000000000000000 0000000
0000000000000000000000000000000000000000000000000 0000000
0000000000000000000000000000000000000000000000000 0000000
0000000000000000000000000000000000000000000000000 0000000
0000000000000000000000000000000000000000000000000 0000000
0000000000000000000000000000000000000000000000000 0000000
0000000000000000000000000000000000000000000000000 0000000
0000000000000000000000000000000000000000000000000 0000000
0000000000000000000000000000000000000000000000000 0000000
0000000000000000000000000000000000000000000000000 0000000
0000000000000000000000000000000000000000000000000 0000000
0000000000000000000000000000000000000000000000000 0000000
0000000000000000000000000000000000000000000000000 0000000
0000000000000000000000000000000000000000000000000 0000000
0000000000000000000000000000000000000000000000000 0000000
0000000000000000000000000000000000000000000000000 0000000
0000000000000000000000000000000000000000000000000 0000000
0000000000000000000000000000000000000000000000000 0000000
0000000000000000000000000000000000000000000000000 0000000
0000000000000000000000000000000000000000000000000 0000000
0000000000000000000000000000000000000000000000000 0000000
0000000000000000000000000000000000000000000000000 0000000
0000000000000000000000000000000000000000000000000 0000000
0000000000000000000000000000000000000000000000000 0000000
0000000000000000000000000000000000000000000000000 0000000
00000000000000000000000000Y0000000000000000000000 0000000
0000000000000000000000SHA970BHMS00000000000000000 0000000
000000000000000000000O00000000010N000000000000000 0000000
00000000000000000000XF600000000000NW0000000000000 0000000
00000000000000000000VH0200000000040FNV00000000000 0000000
00000000000000000000ZQG0900000004000DIOY000000000 0000000
000000000000000000000ZUPLGB0090BDDDCDGGMV00000000 0000000
00000000000000000000000000YVTRRRRQOOPJFGKV0000000 0000000
0000000000000000000000000000000000XXWQKFGOX000000 0000000
0000000000000000000000000000000000000YTPOPSZ00000 0000000
0000000000000000000000000000000000000000WSQSV0000 0000000
00000000000000000000000000000000000000000ZWUTW000 0000000
00000000000000000000000000000000000000000000XYZ00 0000000
0000000000000000000000000000000000000000000000000 0000000
0000000000000000000000000000000000000000000000000 0000000
0000000000000000000000000000000000000000000000000 0000000
00000XY000000000000000000000000000000000000000000 0000000
000000X000000000000000000000000000000000000000000 0000000
0000000000000000000000000000000000000000000000000 0000000
0000000000000000000000000000000000000000000000000 0000000
0000000000000000000000000000000000000000000000000 0000000
