49
49
7
0000000000000000000000000000000000000YXW000000000 0000000
0000000000000000000000000000000000000000000000000 0000000
0000000000000000000000000000000000000000000000000 0000000
0000000000000000000000000000000000000000000000000 0000000
0000000000000000000000000000000000000000000000000 0000000
0000000000000000000000000000000000000000000000000 0000000
0000000000000000000000000000000000000000000000000 0000000
0000000000000000000000000000000000000000000000000 0000000
0000000000000000000000000000000000000000000000000 0000000
0000000000000000000000000000000000000000000000000 0000000
0000000000000000000000000000000000000000000000000 0000000
0000000000000000000000000000000000000000000000000 0000000
0000000000000000000000000000000000000000000000000 0000000
0000000000000000000000000000000000000000000000000 0000000
0000000000000000000000000000000000000000000000000 0000000
0000000000000000000000000000000000000000000000000 0000000
0000000000000000000000000000000000000000000000000 0000000
0000000000000000000000000000000000000000000000000 0000000
0000000000000000000000000000000000000000000000000 0000000
0000000000000000000000000000000000000000000000000 0000000
0000000000000000000000000000000000000000000000000 0000000
0000000000000000000000000000000000000000000000000 0000000
0000000000000000000000000000000000000000000000000 0000000
0000000000000000000000000000000000000000000000000 0000000
0000000000000000000000000000000000000000000000000 0000000
0000000000000000000000000000000000000000000000000 0000000
0000000000000000000000000000000000000000000000000 0000000
000000000000000000000000000000000000000000ZZYYXX0 0000000
0000000000000000000000000000000000000000YWWWWVVVZ 0000000
000000000000000000000000000000000000ZXVTWUUUUVVVW 0000000
00000000000000000000000000000000WVUTSQPOSQRRSSTTR 0000000
00000000000000000000000000000YVULLLLLLLKMLLMNOPPN 0000000
0000000000000000000000000000WQMKFFGHHIJIIGHIJKLNM 0000000
00000000000000000000000000ZSMHFDCCDEEFGFECDFIJKMR 0000000
000000000000000000000000ZWRMHDBAAABBCDDD000AEGIKQ 0000000
0000000000000000VVVUUTTSMKGDA0000000AABA000BFHKLN 0000000
00000000000000ZXPPNMKJHHBA00000000000AAA00BEIKNPL 0000000
0000000000000XTRIIGECA0000090000000000AA000CFHLMK 0000000
000000000000WQLI000008768766790000000000779000AAF 0000000
00000000000WOGB0543210003322357844456777778800000 0000000
0000000000ZQIA07000000000000013400001122000000000 0000000
0000000000SKC01000000000000001110000170AEFEDDBCCG 0000000
000000000ULD050000000000014790001125800CEEFFGHJKN 0000000
00000000QKC0600000000012000CFGGG00BDEEEEGIJLOQSSX 0000000
0000000WLF00610000026000CEILOQQQMNQRROLKPQRSVWXZ0 0000000
000000YSMHB009300247000AFHLPSUVVXY000XUS000000000 0000000
000000XSRNJHGEA066789000FHLQTWXX00000000000000000 0000000
000000ZUWSPOPOKGBA000000FIMQUXZZ00000000000000000 0000000
0000000VYVSSTTQMOMKHEB00GINRWY0000000000000000000 0000000
