49
49
7
00000000000000000000000000125ACDFHJLLQPONLJIIJIHG 0000000
00000000000000000011100135780FHJLOQSTZYWUSQPNLLLL 0000000
0000000000000000003568900000ALNPSVY0000000YWWRQQQ 0000000
000000000000000003800DDEGHIJLTWZ0000000000000ZXWV 0000000
0000000000000112490FJNNOPQRSUY000000000000000000Z 0000000
000000000006090AFJMOOPQTWZ00000000000000000000000 0000000
0000000001490AFJNRUWWYZ00000000000000000000000000 0000000
000000035570BIMQUY0000000000000000000000000000000 0000000
000000489900DLQTX00000000000000000000000000000000 0000000
00000600000DIQTW000000000000000000000000000000000 0000000
0048000CEEGLQWZ0000000000000000000000000000000000 0000000
1700AAFKNORW0000000000000000000000000000000000000 0000000
90000FKQTVY00000000000000000000000000000000000000 0000000
DHLOQQSVZ0000000000000000000000000000000000000000 0000000
JNRTVWX000000000000000000000000000000000000000000 0000000
SW00000000000000000000000000000000000000000000000 0000000
Y000000000000000000000000000000000000000000000000 0000000
0000000000000000000000000000000000000000000000000 0000000
0000000000000000000000000000000000000000000000000 0000000
0000000000000000000000000000000000000000000000000 0000000
0000000000000000000000000000000000000000000000000 0000000
0000000000000000000000000000000000000000000000000 0000000
0000000000000000000000000000000000000000000000000 0000000
0000000000000000000000000000000000000000000000000 0000000
0000000000000000000000000000000000000000000000000 0000000
0000000000000000000000000000000000000000000000000 0000000
0000000000000000000000000000000000000000000000000 0000000
0000000000000000000000000000000000000000000000000 0000000
0000000000000000000000000000000000000000000000000 0000000
0000000000000000000000000000000000000000000000000 0000000
0000000000000000000000000000000000000000000000000 0000000
0000000000000000000000000000000000000000000000000 0000000
0000000000000000000000000000000000000000000000000 0000000
0000000000000000000000000000000000000000000000000 0000000
0000000000000000000000000000000000000000000000000 0000000
0000000000000000000000000000000000000000000000000 0000000
0000000000000000000000000000000000000000000000000 0000000
0000000000000000000000000000000000000000000000000 0000000
0000000000000000000000000000000000000000000000000 0000000
0000000000000000000000000000000000000000000000000 0000000
0000000000000000000000000000000000000000000000000 0000000
0000000000000000000000000000000000000000000000000 0000000
0000000000000000000000000000000000000000000000000 0000000
0000000000000000000000000000000000000000000000000 0000000
0000000000000000000000000000000000000000000000000 0000000
0000000000000000000000000000000000000000000000000 0000000
0000000000000000000000000000000000000000000000000 0000000
0000000000000000000000000000000000000000000000000 0000000
0000000000000000000000000000000000000000000000000 0000000
