49
49
7
0000000000000000000000000000000000000000000000000 0000001
0000000000000000000000000000000000000000000000000 0000001
0000000000000000000000000000000000000000000000000 0000001
0000000000000000000000000000000000000000000000000 0000001
0000000000000000000000000000000000000000000000000 0000001
0000000000000000000000000000000000000000000000000 0000001
0000000000000000000000000000000000000000000000000 0000001
0000000000000000000000000000000000000000000000000 0000001
0000000000000000000000000000000000000000000000000 0000001
0000000000000000000000000000000000000000000000000 0000001
0000000000000000000000000000000000000000000000000 0000001
0000000000000000000000000000000000000000000000000 0000001
0000000000000000000000000000000000000000000000000 0000001
0000000000000000000000000000000000000000000000000 0000001
0000000000000000000000000000000000000000000000000 0000001
0000000000000000000000000000000000000000000000000 0000001
0000000000000000000000000000000000000000000000000 0000001
0000000000000000000000000000000000000000000000000 0000001
0000000000000000000000000000000000000000000000000 0000001
000U000000000000000000000000000000000000000000000 0000001
000V000000000000000000000000000000000000000000000 0000001
0000000000000000000000000000000000000000000000000 0000001
00W0000000000000000000000000000000000000000000000 0000001
00R0000000000000000000000000000000000000000000000 0000001
0XO0000000000000000000000000000000000000000000000 0000001
0TS0000000000000000000000000000000000000000000000 0000001
ZQU0000000000000000000000000000000000000000000000 0000001
WRZ0000000000000000000000000000000000000000000000 0000001
WTY0000000000000000000000000000000000000000000000 0000001
ZWX0000000000000000000000000000000000000000000000 0000001
WS00000000000000000000000000000000000000000000000 0000001
TR00000000000000000000000000000000000000000000000 0000001
TQ00000000000000000000000000000000000000000000000 0000001
WU00000000000000000000000000000000000000000000000 0000001
WT00000000000000000000000000000000000000000000000 0000001
VV00000000000000000000000000000000000000000000000 0000001
VZ00000000000000000000000000000000000000000000000 0000001
WX00000000000000000000000000000000000000000000000 0000001
VY00000000000000000000000000000000000000000000000 0000001
WR00000000000000000000000000000000000000000000000 0000001
WO00000000000000000000000000000000000000000000000 0000001
ZS00000000000000000000000000000000000000000000000 0000001
XR00000000000000000000000000000000000000000000000 0000001
WS00000000000000000000000000000000000000000000000 0000001
TU00000000000000000000000000000000000000000000000 0000001
XW00000000000000000000000000000000000000000000000 0000001
YX00000000000000000000000000000000000000000000000 0000001
WW00000000000000000000000000000000000000000000000 0000001
XY00000000000000000000000000000000000000000000000 0000001
