49
49
7
00000000000003590CGIJOQSUVYZ0ZYZXXWWV0Z0ZZYYXKJII 0000001
0000000000037690CGJLNRTUWY00000000Z0Y00000Y0XONNM 0000001
000000012102580AEJMPPUUWY00000000000000000ZYWTQQP 0000001
000000067768000EJPRUUYY00000000000000000000ZXWVUT 0000001
00000004700AEBDKOTVXY00000000000000000000000YXXWW 0000001
0000240EMQOJFOQSUX000000000000000000000000000TTTT 0000001
0003570EKONLKUXY00000000000000000000000000000XXXX 0000001
0026700DILNPQZ00000000000000000000000000000000000 0000001
01367ACEHKNSV000000000000000000000000000000000000 0000001
02366FEFHMQVY000000000000000000000000000000000000 0000001
02467FHHLOTW0000000000000000000000000000000000000 0000001
25800GHLPSWYZ000000000000000000000000000000000000 0000001
3800AFJOSWXY0000000000000000000000000000000000000 0000001
700BEIKMQVY00000000000000000000000000000000000000 0000001
0AEHHLNQSY000000000000000000000000000000000000000 0000001
BFKLNRSWZ0000000000000000000000000000000000000000 0000001
DJMOPVW000000000000000000000000000000000000000000 0000001
GKMPQ00000000000000000000000000000000000000000000 0000001
IMPSS00000000000000000000000000000000000000000000 0000001
MRUWW00000000000000000000000000000000000000000000 0000001
SWY0000000000000000000000000000000000000000000000 0000001
0000000000000000000000000000000000000000000000000 0000001
0000000000000000000000000000000000000000000000000 0000001
0000000000000000000000000000000000000000000000000 0000001
0000000000000000000000000000000000000000000000000 0000001
0000000000000000000000000000000000000000000000000 0000001
0000000000000000000000000000000000000000000000000 0000001
0000000000000000000000000000000000000000000000000 0000001
0000000000000000000000000000000000000000000000000 0000001
0000000000000000000000000000000000000000000000000 0000001
0000000000000000000000000000000000000000000000000 0000001
0000000000000000000000000000000000000000000000000 0000001
0000000000000000000000000000000000000000000000000 0000001
0000000000000000000000000000000000000000000000000 0000001
0000000000000000000000000000000000000000000000000 0000001
0000000000000000000000000000000000000000000000000 0000001
0000000000000000000000000000000000000000000000000 0000001
0000000000000000000000000000000000000000000000000 0000001
0000000000000000000000000000000000000000000000000 0000001
0000000000000000000000000000000000000000000000000 0000001
0000000000000000000000000000000000000000000000000 0000001
0000000000000000000000000000000000000000000000000 0000001
0000000000000000000000000000000000000000000000000 0000001
0000000000000000000000000000000000000000000000000 0000001
0000000000000000000000000000000000000000000000000 0000001
0000000000000000000000000000000000000000000000000 0000001
0000000000000000000000000000000000000000000000000 0000001
0000000000000000000000000000000000000000000000000 0000001
0000000000000000000000000000000000000000000000000 0000001
