49
49
7
0000000000000000000000000000000000000000000000000 0000001
0000000000000000000000000000000000000000000000000 0000001
0000000000000000000000000000000000000000000000000 0000001
0000000000000000000000000000000000000000000000000 0000001
0000000000000000000000000000000000000000000000000 0000001
0000000000000000000000000000000000000000000000000 0000001
0000000000000000000000000000000000000000000000000 0000001
0000000000000000000000000000000000000000000000000 0000001
0000000000000000000000000000000000000000000000000 0000001
0000000000000000000000000000000000000000000000000 0000001
0000000000000000000000000000000000000000000000000 0000001
0000000000000000000000000000000000000000000000000 0000001
0000000000000000000000000000000000000000000000000 0000001
0000000000000000000000000000000000000000000000000 0000001
0000000000000000000000000000000000000000000000000 0000001
0000000000000000000000000000000000000000000000000 0000001
0000000000000000000000000000000000000000000000000 0000001
0000000000000000000000000000000000000000000000000 0000001
0000000000000000000000000000000000000000000000000 0000001
0000000000000000000000000000000000000000000000000 0000001
0000000000000000000000000000000000000000000000000 0000001
0000000000000000000000000000000000000000000000000 0000001
0000000000000000000000000000000000000000000000000 0000001
0000000000000000000000000000000000000000000000000 0000001
0000000000000000000000000000000000000000000000000 0000001
0000000000000000000000000000000000000000000000000 0000001
0000000000000000000000000000000000000000000000000 0000001
0000000000000000000000000000000000000000000000000 0000001
0000000000000000000000000000000000000000000000000 0000001
0000000000000000000000000000000000000000000000000 0000001
0000000000000000000000000000000000000000000000000 0000001
0000000000000000000000000000000000000000000000000 0000001
0000000000000000000000000000000000000000000000000 0000001
0000000000000000000000000000000000000000000000000 0000001
0000000000000000000000000000000000000000000000000 0000001
0000000000000000000000000000000000000000000000000 0000001
0000000000000000000000000000000000000000000000000 0000001
0000000000000000000000000000000000000000000000000 0000001
0000000000000000000000000000000000000000000000000 0000001
0000000000000000000000000000000000000000000000000 0000001
0000000000000000000000000000000000000000000000000 0000001
0000000000000000000000000000000000000000000000000 0000001
0000000000000000000000000000000000000000000000000 0000001
0000000000000000000000000000000000000000000000000 0000001
0000000000000000000000000000000000000000000000000 0000001
0000000000000000000000000000000000000000000000000 0000001
0000000000000000000000000000000000000000000000000 0000001
0000000000000000000000000000000000000000000000000 0000001
0000000000000000000000000000000000000000000000000 0000001
