49
49
7
000000000000000000000000H000000DRYS00000000000000 0000001
000000000000000000000000J0000000KQV00000000000000 0000001
000000000000000000000000M00000050HX00000000000000 0000001
000000000000000000000000N1000180EHW00000000000000 0000001
000000000000000000000000N4000300HS000000000000000 0000001
000000000000000000000000P600670AJY000000000000000 0000001
000000000000000000000000O901800HS0000000000000000 0000001
000000000000000000000000N0059BKSY0000000000000000 0000001
000000000000000000000000RB640KT000000000000000000 0000001
000000000000000000000000UG00BJU0Z0000000000000000 0000001
000000000000000000000000TIEBKSWZY0000000000000000 0000001
000000000000000000000000UKGJQXZ000000000000000000 0000001
000000000000000000000000UKFOR00000000000000000000 0000001
000000000000000000000000TMGSWY0000000000000000000 0000001
000000000000000000000000WQNW000000000000000000000 0000001
000000000000000000000000XQSY000000000000000000000 0000001
000000000000000000000000XRTVU00000000000000000000 0000001
000000000000000000000000ZRVW000000000000000000000 0000001
000000000000000000000000WQX0000000000000000000000 0000001
000000000000000000000000PI00000000000000000000000 0000001
000000000000000000000000ML00000000000000000000000 0000001
000000000000000000000000VY00000000000000000000000 0000001
000000000000000000000000V000000000000000000000000 0000001
000000000000000000000000Y000000000000000000000000 0000001
0000000000000000000000000000000000000000000000000 0000001
0000000000000000000000000000000000000000000000000 0000001
0000000000000000000000000000000000000000000000000 0000001
0000000000000000000000000000000000000000000000000 0000001
0000000000000000000000000000000000000000000000000 0000001
0000000000000000000000000000000000000000000000000 0000001
0000000000000000000000000000000000000000000000000 0000001
0000000000000000000000000000000000000000000000000 0000001
0000000000000000000000000000000000000000000000000 0000001
0000000000000000000000000000000000000000000000000 0000001
0000000000000000000000000000000000000000000000000 0000001
0000000000000000000000000000000000000000000000000 0000001
0000000000000000000000000000000000000000000000000 0000001
0000000000000000000000000000000000000000000000000 0000001
0000000000000000000000000000000000000000000000000 0000001
0000000000000000000000000000000000000000000000000 0000001
0000000000000000000000000000000000000000000000000 0000001
0000000000000000000000000000000000000000000000000 0000001
0000000000000000000000000000000000000000000000000 0000001
0000000000000000000000000000000000000000000000000 0000001
0000000000000000000000000000000000000000000000000 0000001
000000000000000000000YY00000000000000000000000000 0000001
0000000000000000000000000000000000000000000000000 0000001
0000000000000000000000000000000000000000000000000 0000001
0000000000000000000000000000000000000000000000000 0000001
