49
49
7
0000000000000000000000000000000000000000000000000 0000001
0000000000000000000000000000000000000000000000000 0000001
0000000000000000000000000000000000000000000000000 0000001
0000000000000000000000000000000000000000000000000 0000001
0000000000000000000000000000000000000000000000000 0000001
0000000000000000000000000000000000000000000000000 0000001
0000000000000000000000000000000000000000000000000 0000001
0000000000000000000000000000000000000000000000000 0000001
0000000000000000000000000000000000000000000000000 0000001
0000000000000000000000000000000000000000000000000 0000001
0000000000000000000000000000000000000000000000000 0000001
0000000000000000000000000000000000000000000000000 0000001
0000000000000000000000000000000000000000000000000 0000001
0000000000000000000000000000000000000000000000000 0000001
0000000000000000000000000000000000000000000000000 0000001
0000000000000000000000000000000000000000000000000 0000001
0000000000000000000000000000000000000000000000000 0000001
0000000000000000000000000000000000000000000000000 0000001
0000000000000000000000000000000000000000000000000 0000001
0000000000000000000000000000000000000000000000000 0000001
0000000000000000000000000000000000000000000000000 0000001
0000000000000000000000000000000000000000000000000 0000001
000000000000000000000000000000000000000000000000Y 0000001
000000000000000000000000000000000000000000000000Y 0000001
000000000000000000000000000000000000000000000000X 0000001
00000000000000000000000000000000000000000000000ZW 0000001
00000000000000000000000000000000000000000000000YW 0000001
00000000000000000000000000000000000000000000000XV 0000001
000000000000000000000000000000000000000000000ZZXU 0000001
000000000000000000000000000000000000000000000WXVU 0000001
000000000000000000000000000000000000000000000YTTT 0000001
000000000000000000000000000000000000000000000YSTR 0000001
000000000000000000000000000000000000000000000YSSQ 0000001
00000000000000000000000000000000000000000000ZXRSP 0000001
00000000000000000000000000000000000000000000YWRRO 0000001
0000000000000000000000000000000000000000000ZXVQQN 0000001
0000000000000000000000000000000000000000000ZXVQQN 0000001
0000000000000000000000000000000000000000000ZWUQQM 0000001
00000000000000000000000000000000000000000000YVPNI 0000001
00000000000000000000000000000000000000000000XUONI 0000001
0000000000000000000000000000000000000000000ZWTNMH 0000001
0000000000000000000000000000000000000000000XURLKF 0000001
0000000000000000000000000000000000000000000WTQKIE 0000001
000000000000000000000000000000000000000000ZUROIHC 0000001
000000000000000000000000000000000000000000YTQNHGB 0000001
000000000000000000000000000000000000000000XSOLGDA 0000001
0000000000000000000000000000000000000ZXXWSPMHEFA0 0000001
000000000000000000000000000000000000ZYUWTROKFDC09 0000001
00000000000000000000000000000000000ZXXTSSQMIDB007 0000001
