49
49
7
000BKTZ000000000000000000000000000000000000000000 0000000
0BA0DOV000000000000000000000000000000000000000000 0000000
0FF0AIQ000000000000000000000000000000000000000000 0000000
FHGE0CNW00000000000000000000000000000000000000000 0000000
HPLHCDKQY0000000000000000000000000000000000000000 0000000
GMNLHEHMV0000000000000000000000000000000000000000 0000000
0ELRNHFJT0000000000000000000000000000000000000000 0000000
07DOROIKQV000000000000000000000000000000000000000 0000000
000HU0OKQS000000000000000000000000000000000000000 0000000
0000000000000000000000000000000000000000000000000 0000000
DIS0000000000000000000000000000000000000000000000 0000000
00000AGPVZ000000000000000000000000000000000000000 0000000
0000020MYY000000000000000000000000000000000000000 0000000
00000000SX000000000000000000000000000000000000000 0000000
55000000DSZ00000000000000000000000000000000000000 0000000
90002000DR000000000000000000000000000000000000000 0000000
DE0920010HW00000000000000000000000000000000000000 0000000
GE20000004O00000000000000000000000000000000000000 0000000
3300000000K00000000000000000000000000000000000000 0000000
0000000002O00000000000000000000000000000000000000 0000000
0002000000P00000000000000000000000000000000000000 0000000
0000810000Q00000000000000000000000000000000000000 0000000
LLKKH0006I000000000000000000000000000000000000000 0000000
Z0YXUPHHW0000000000000000000000000000000000000000 0000000
0000000000000000000000000000000000000000000000000 0000000
0000000000000000000000000000000000000000000000000 0000000
0000000000000000000000000000000000000000000000000 0000000
0000000000000000000000000000000000000000000000000 0000000
0000000000000000000000000000000000000000000000000 0000000
0000000000000000000000000000000000000000000000000 0000000
0000000000000000000000000000000000000000000000000 0000000
0000000000000000000000000000000000000000000000000 0000000
0000000000000000000000000000000000000000000000000 0000000
0000000000000000000000000000000000000000000000000 0000000
0000000000000000000000000000000000000000000000000 0000000
0000000000000000000000000000000000000000000000000 0000000
0000000000000000000000000000000000000000000000000 0000000
0000000000000000000000000000000000000000000000000 0000000
0000000000000000000000000000000000000000000000000 0000000
0000000000000000000000000000000000000000000000000 0000000
0000000000000000000000000000000000000000000000000 0000000
0000000000000000000000000000000000000000000000000 0000000
0000000000000000000000000000000000000000000000000 0000000
0000000000000000000000000000000000000000000000000 0000000
0000000000000000000000000000000000000000000000000 0000000
0000000000000000000000000000000000000000000000000 0000000
0000000000000000000000000000000000000000000000000 0000000
0000000000000000000000000000000000000000000000000 0000000
0000000000000000000000000000000000000000000000000 0000000
