49
49
7
0000000000000000000000000000000000000000002544432 0000110
0000000000000000000000000000000000000000000222211 0000110
0000000000000000000000000000000000000000000010000 0000110
0000000000000000000000000000000000000000000000000 0000110
0000000000000000000000000000000000000000000000000 0000110
0000000000000000000000000000000000000000000000000 0000110
0000000000000000000000000000000000000000000000000 0000110
0000000000000000000000000000000000000000000000000 0000110
0000000000000000000000000000000000000000000000000 0000110
0000000000000000000000000000000000000000000000000 0000110
0000000000000000000000000000000000000000000000000 0000110
0000000002000000000000000000000000000000000000000 0000110
022000020D030000000000000000000000000000000000000 0000110
196065010G000000000000000000000000000000000000000 0000110
4000002080700000000000000000000000000000000000000 0000110
9GA0006016000000000000000000000000000000000000000 0000110
8G00504000000000000000000000000000000000000000000 0000110
0B70020000000000000000000000000000000000000000000 0000110
0000000000000000000000000000000000000000000000000 0000110
0000000000000000000000000000000000000000000000000 0000110
0000000000000000000000000000000000000000000000000 0000110
0000000000000000000000000000000000000000000000000 0000110
0000000000000000000000000000000000000000000000000 0000110
0000000000000000000000000000000000000000000000000 0000110
0000000000000000000000000000000000000000000000000 0000110
0000000000000000000000000000000000000000000000000 0000110
0000000000000000000000000000000000000000000000000 0000110
0000000000000000000000000000000000000000000000000 0000110
0000000000000000000000000000000000000000000000000 0000110
0000000000000000000000000000000000000000000000000 0000110
0000000000000000000000000000000000000000000000000 0000110
0000000000000000000000000000000000000000000000000 0000110
0000000000000000000000000000000000000000000000000 0000110
0000000000000000000000000000000000000000000000000 0000110
0000000000000000000000000000000000000000000010000 0000110
0000000000000000000000000000000000000000000000000 0000110
0000000000000000000000000000000000000000000000000 0000110
0000000000000000000000000000000000000000000000000 0000110
0000000000000000000000000000000000000000000000000 0000110
0000000000000000000000000000000000000000000000000 0000110
0000000000000000000000000000000000000000000000000 0000110
0000000000000000000000000000000000000000000000000 0000110
0000000000000000000000000000000000000000000000000 0000110
0000000000000000000000000000000000000000000000000 0000110
0000000000000000000000000000000000000000000000000 0000110
0000000000000000000000000000000000000000000000000 0000110
0000000000000000000000000000000000000000000000000 0000110
0000000000000000000000000000000000000000000000000 0000110
0000000000000000000000000000000000000000000000000 0000110
