49
49
7
0000000000000000001030GNNMKKLMMNOONNNNNNNOQRRRRQQ 0000110
000000000000000000000010DCEFGHIJKKOOOOOOOPMNNOOOP 0000110
000000000000000000000000000050DGHGJJKKJHGFGKLMNML 0000110
00000000000000000000000000000060CFDEGHIIIIHIKLLKJ 0000110
00000000000000000000000000000000389000DGIJIJKKKJH 0000110
0000000000000000000000000000000000000390CFGGIJJHG 0000110
000000000000000000000000000000000000000280ABDFGFF 0000110
640000000000000000000000000000000000000001900ACDE 0000110
CA009200000000000000000000000000000000000003700BD 0000110
00000040010000000000000000000000000000000000390AC 0000110
089987765542000000000000000000000000000000000020C 0000110
0054321000420000000000000000000000000000000000190 0000110
0009864311000000000000000000000000000000000000060 0000110
9809753100000000000000000000000000000000000000049 0000110
9933100000000000000000000000000000000000000000037 0000110
4400000000000000000000000000000000000000000000036 0000110
0000000000000000000000000000000000000000000000256 0000110
0000000000000000000000000000000000000000000002589 0000110
0000000000000000000000000000000000000000000012345 0000110
0100000000000000000000000000000000000000112345678 0000110
0000000000000000000000000000000000000000113346790 0000110
0000000000000000000000000000000000000000113457900 0000110
0000000000000000000000000000000000000000114469000 0000110
000000000000000000000000000000000000000011457000B 0000110
00000000000000000000000000000000000000001146800AC 0000110
00000000000000000000000000000000000000001156800BD 0000110
00000000000000000000000000000000000000002357900AD 0000110
00000000000000000000000000000000000000002256800AC 0000110
00000000000000000000000000000000000000001256800AC 0000110
000000000000000000000000000000000000000001457000B 0000110
000000000000000000000000000000000000000000346900A 0000110
0000000000000000000000000000000000000000002358000 0000110
0000000000000000000000000000000000000000002358000 0000110
0000000000000000000000000000000000000000001257000 0000110
000000000000000000000000000000000000000004246900B 0000110
000000000000000000000000000000000000000004346900B 0000110
000000000000000000000300000000000000000005457000A 0000110
0000000000000000000001000000000000000000155670000 0000110
0000000000000000000000000000000000000000256780000 0000110
0000000000000000000000000080000000000011367890000 0000110
0000000000000000000000000070000000000333468890000 0000110
0000000000000000002111000021000000000444568990000 0000110
520000000000000025G92792000000000000008EF07890000 0000110
86C00000000000000060000000VSIA9100000270007890000 0000110
A909520010670000000000000269820000007770087890000 0000110
0000608212000000000000000000000000000000007890000 0000110
0000000000000000000000000000000000000CACEC7890000 0000110
0000000000000000008000000000000000000DEHHC7890000 0000110
00000000000000000200000000000000000100CGC97890000 0000110
