49
49
7
0000000000000000000000000000000000000000000000000 0000110
0000000000000000000000000000000000000000000000000 0000110
0000000000000000000000000000000000000000000000000 0000110
0000000000000000000000000000000000000000000000000 0000110
0000000000000000000000000000000000000000000000000 0000110
0000000000000000000000000000000000000000000000000 0000110
0000000000000000000000000000000000000000000000000 0000110
0000000000000000000000000000000000000000000000000 0000110
0000000000000000000000000000000000000000000000000 0000110
0000000000000000000000000000000000000000000000000 0000110
0000000000000000000000000000000000000000000000000 0000110
0000000000000000000000000000000000000000000000000 0000110
0000000000000000000000000000000000000000000000000 0000110
0000000000000000000000000000000000000000000000000 0000110
0000000000000000000000000000000000000000000000000 0000110
0000000000000000000000000000000000000000000000000 0000110
0000000000000000000000000000000000000000000000000 0000110
0000000000000000000000000000000000000000000000000 0000110
0000000000000000000000000000000000000000000000000 0000110
0000000000000000000000000000000000000000000000000 0000110
0000000000000000000000000000000000000000000000000 0000110
0000000000000000000000000000000000000200000000000 0000110
0000000000000000000000000000000001122200000000000 0000110
0000000000000000000000000000002234455210000000000 0000110
0000000000000000000000000000000000011210000000000 0000110
0000000000000000000000000000000000000320000011111 0000110
0000000000000000000000000000012234455321113463333 0000110
0000000000000000000000000000245567788322235797777 0000110
0000000000000000000000000001433455677332347900000 0000110
0000000000000000000000000013354335900016000000000 0000110
0000000000000000000000000024545790987148000000000 0000110
000000000000000000000000036776800005179000000A000 0000110
000000000000000000000001369000000086400000000BBAA 0000110
00000000000000000000013580000EA076800BBA00000DCCB 0000110
00000000000000000000056800ACAF09550BGEDBAAABCEEDD 0000110
0000000000000000000027800ACFF008800FKFECABDFHFFFE 0000110
00000000000000000002399000CFE6690AEHJFECBBEHJGGFF 0000110
00000000000000000030A8000AAA000BDEDDCGGGGGGGGGGFE 0000110
00000000000000000006000000000ABDFGFEEHHHHHHHHGGFF 0000110
00000000000000000003500744579DEGIJIIHKKKKKKKKHGGF 0000110
00000000000000000135775100480GHJLLLKKMMMMMMMMIHHG 0000110
0000000000000001580000000180CIJLMNNMLNNNNNNNNIIHH 0000110
000000000001200280000000170CGIJLNNNMMMMMMMMMMJJII 0000110
00000000013440027974101480AEGHIKMNMMLLLLLLLLLKJJI 0000110
0000000000222002551004600ACDDGIJLMMLKKKKKKKKKKKJI 0000110
00000000011000000000467000CFGKKKKKKKKMMMMMMMMMLKJ 0000110
0000000000000000100378000BEGILLLLLLLLMMMMMMMMMLKJ 0000110
000000000000000122380000BEHJKNNNNNNNNMMMMMMMMNMLK 0000110
0000011111000003557000ACEHJLMOOOOOOOOMMMMMMMMNNMK 0000110
