49
49
7
00000000000000000000000000000000000000000000000Y0 0000110
0000000000000000000000000000000000000000000000VLZ 0000110
0000000000000000000000000000000000000000000000VMW 0000110
0000000000000000000000000000000000000000000000WOU 0000110
0000000000000000000000000000000000000000000000ZQS 0000110
00000000000000000000000000000000000000000000000TP 0000110
00000000000000000000000000000000000000000000000VM 0000110
00000000000000000000000000000000000000000000000XK 0000110
00000000000000000000000000000000000000000000000YJ 0000110
000000000000000000000000000000000000000000000000V 0000110
000000000000000000000000000000000000000000000000X 0000110
0000000000000000000000000000000000000000000000000 0000110
0000000000000000000000000000000000000000000000000 0000110
0000000000000000000000000000000000000000000000000 0000110
0000000000000000000000000000000000000000000000000 0000110
0000000000000000000000000000000000000000000000000 0000110
0000000000000000000000000000000000000000000000000 0000110
0000000000000000000000000000000000000000000000000 0000110
0000000000000000000000000000000000000000000000000 0000110
0000000000000000000000000000000000000000000000000 0000110
0000000000000000000000000000000000000000000000000 0000110
0000000000000000000000000000000000000000000000000 0000110
0000000000000000000000000000000000000000000000000 0000110
0000000000000000000000000000000000000000000000000 0000110
0000000000000000000000000000000000000000000000000 0000110
0000000000000000000000000000000000000000000000000 0000110
0000000000000000000000000000000000000000000000000 0000110
0000000000000000000000000000000000000000000000000 0000110
0000000000000000000000000000000000000000000000000 0000110
0000000000000000000000000000000000000000000000000 0000110
0000000000000000000000000000000000000000000000000 0000110
0000000000000000000000000000000000000000000000000 0000110
0000000000000000000000000000000000000000000000000 0000110
0000000000000000000000000000000000000000000000000 0000110
0000000000000000000000000000000000000000000000000 0000110
0000000000000000000000000000000000000000000000000 0000110
0000000000000000000000000000000000000000000000000 0000110
0000000000000000000000000000000000000000000000000 0000110
0000000000000000000000000000000000000000000000000 0000110
0000000000000000000000000000000000000000000000000 0000110
0000000000000000000000000000000000000000000000000 0000110
00000000000000000000000000000000Z0000000000Z000Z0 0000110
00000000ZZ0000000000000000000000Z00000000000000Y0 0000110
00000000ZZ000000000000000000000000000000000Z00ZXW 0000110
0000000ZYY0000000000000000000000Z000000000XWXXVSO 0000110
0000000ZXX00000000000000000000ZZXZ0000000XRPQQNKF 0000110
ZZZZZZZYWWZ0000000000000000000ZYUWY00ZWUUPJHHGDA0 0000110
YYYYYYYXWWZ000000000000000000ZYXQSVWWURPMHB000088 0000110
YYYYYYYXWVY00000000000000000ZZYXOQSUVTQOID0000725 0000110
