49
49
7
0000000000000000000000000000000000000000000000000 0000000
0000000000000000000000000000000000000000000000000 0000000
0000000000000000000000000000000000000000000000000 0000000
0000000000000000000000000000000000000000000000000 0000000
0000000000000000000000000000000000000000000000000 0000000
0000000000000000000000000000000000000000000000000 0000000
0000000000000000000000000000000000000000000000000 0000000
0000000000000000000000000000000000000000000000000 0000000
0000000000000000000000000000000000000000000000000 0000000
0000000000000000000000000000000000000000000000000 0000000
0000000000000000000000000000000000000000000000000 0000000
0000000000000000000000000000000000000000000000000 0000000
0000000000000000000000000000000000000000000000000 0000000
0000000000000000000000000000000000000000000000000 0000000
0000000000000000000000000000000000000000000000000 0000000
0000000000000000000000000000000000000000000000000 0000000
0000000000000000000000000000000000000000000000000 0000000
0000000000000000000000000000000000000000000000000 0000000
0000000000000000000000000000000000000000000000000 0000000
0000000000000000000000000000000000000000000000000 0000000
0000000000000000000000000000000000000000000000000 0000000
0000000000000000000000000000000000000000000000000 0000000
0000000000000000000000000000000000000000000000000 0000000
0000000000000000000000000000000000000000000000000 0000000
0000000000000000000000000000000000000000000000000 0000000
0000000000000000000000000000000000000000000000000 0000000
0000000000000000000000000000000000000000000000000 0000000
0000000000000000000000000000000000000000000000000 0000000
0000000000000000000000000000000000000000000001000 0000000
0000000000000000000000000000000000000000000000011 0000000
0000000000000000000000000000000000000000000001112 0000000
0000000000000000000000000000000000000000000002233 0000000
0000000000000000000000000000000000000000000003445 0000000
0000000000000000000000000000000001122001111005566 0000000
0000000000000000000000000000011123444123443216778 0000000
0000000000000000000000000000123345566235775328889 0000000
0000000000000000000000000001244557687348897538900 0000000
000000000000000000000000046000808080800000000B000 0000000
000000000000000001000000136900000000000000000CA00 0000000
000000000000000022211211123570000000000000000BA00 0000000
000000000000000245543542112340000000000000000A000 0000000
000000001000023577766875333450000000000000000000A 0000000
00000001221004579098809766678000000000000000000AB 0000000
00000000344436790000000999000000000000000000000AC 0000000
00000000356657800000000000000000000000000000000AC 0000000
01345000123338890AB0900000000CCBA0000000000000000 0000000
02455222345550900AA0800000000BBA00000000000000000 0000000
14566556678890000000700000000AA00000000000000AAAA 0000000
3677788890000A0000006000000000000000000000000BBBB 0000000
