49
49
7
0000000000000000000000000000000000000000000000000 0000111
0000000000000000000000000000000000000000000000000 0000111
0000000000000000000000000000000000000000000000000 0000111
0000000000000000000000000000000000000000000000000 0000111
0000000000000000000000000000000000000000000000000 0000111
0000000000000000000000000000000000000000000000000 0000111
0000000000000000000000000000000000000000000000000 0000111
0000000000000000000000000000000000000000000000000 0000111
0000000000000000000000000000000000000000000000000 0000111
0000000000000000000000000000000000000000000000000 0000111
0000000000000000000000000000000000000000000000000 0000111
0000000000000000000000000000000000000000000000000 0000111
0000000000000000000000000000000000000000000000000 0000111
0000000000000000000000000000000000000000000000000 0000111
0000000000000000000000000000000000000000000000000 0000111
0000000000000000000000000000000000000000000000000 0000111
0000000000000000000000000000000000000000000000000 0000111
0000000000000000000000000000000000000000000000000 0000111
0000000000000000000000000000000000000000000000000 0000111
0000000000000000000000000000000000000000000000000 0000111
0000000000000000000000000000000000000000000000000 0000111
0000000000000000000000000000000000000000000000000 0000111
0000000000000000000000000000000000000000000000000 0000111
0000000000000000000000000000000000000000000000000 0000111
0000000000000000000000000000000000000000000000000 0000111
0000000000000000000000000000000000000000000000000 0000111
0000000000000000000000000000000000000000000000000 0000111
0000000000000000000000000000000000000000000000000 0000111
0000000000000000000000000000000000000000000000000 0000111
0000000000000000000000000000000000000000000000000 0000111
0000000000000000000000000000000000000000000000000 0000111
0000000000000000000000000000000000000000000000000 0000111
0000000000000000000000000000000000000000000000000 0000111
0000000000000000000000000000000000000000000000000 0000111
0000000000000000000000000000000000000000000000000 0000111
0000000000000000000000000000000000000000000000000 0000111
0000000000000000000000000000000000000000000000000 0000111
0000000000000000000000000000000000000000000000000 0000111
0000000000000000000000000000000000000000000000000 0000111
0000000000000000000000000000000000000000YV0000000 0000111
0000000000000000000000000000000000000USPIJS000000 0000111
00000000000000000000000000000000VTOOL0DKB0A000000 0000111
00000000000000000000000000000VUUTSRQQ000000000000 0000111
00000Z0000000000000000000000000000000000000000000 0000111
0000WY0000000WZYUVXYY0000000000000000000000000000 0000111
00ZXWZ000000000ZXWY000000000000000000000000000000 0000111
00WVW00000000000000000000000000000000000000000000 0000111
0YSRS00000000000000000000000000000000000000000000 0000111
0XQNOZ0000000000000000000000000000000000000000000 0000111
