49
49
7
0098853100000000000000000000000000000000000000000 0000000
9877642000000000000000000000000000000000000000000 0000000
7765522000000000000000000000000000000000000000000 0000000
6544311000000000000000000000000000000000000000000 0000000
5432200000000000000000000000000000000000000000000 0000000
4322100000000000000000000000000000000000000000000 0000000
2112430000000000000000000000000000000000000000000 0000000
2112320000000000000000000000000000000000000000000 0000000
2112320000000000000000000000000000000000000000000 0000000
1001210000000000000000000000000000000000000000000 0000000
0000100000000000000000000000000000000000000000000 0000000
0000000000000000000000000000000000000000000000000 0000000
0000000000000000000000000000000000000000000000000 0000000
0000000000000000000000000000000000000000000000000 0000000
0000000000000000000000000000000000000000000000000 0000000
0000000000000000000000000000000000000000000000001 0000000
0000000000000000000000000000000000000000000000005 0000000
0000000000000000000000000000000000000000000000002 0000000
0000000000000000000000000000000000000000000000002 0000000
0000000000000000000000000000000000000000000000008 0000000
0000000000000000000000000000000000000000000000040 0000000
0000000000000000000000000000000000000000000000039 0000000
0000000000000000000000000000000000000000000002050 0000000
0000000000000000000000000000000000000000000000060 0000000
0000000000000000000000000000000000000000000000270 0000000
000000000000000000000000000000000000000000000050A 0000000
000000000000000000000000000000000000000000000100F 0000000
00000000000000000000000000000000000000000000490EL 0000000
0000000000000000000000000000000000000000000100EKQ 0000000
0000000000000000000000000000000000000000000400GMT 0000000
000000000000000000000000000000000000000000050BJLM 0000000
00000000000000000000000000000000000000000005ACJKM 0000000
00000000000000000000000000000000000000000008BDKMN 0000000
00000000000000000000000000000000000000000000DFMNP 0000000
00000000000000000000000000000000000000000060GHNPQ 0000000
0000000000000000000000000000000000000000000CIJPQS 0000000
000000000000000000000000000000000000000005AFJKQRT 0000000
000000000000000000000000000000000000000008DHKLRSU 0000000
000000000000000000000000000000000000000007BFKMUWX 0000000
000000000000000000000000000000000000000000DGKMUWX 0000000
000000000000000000000000000000000000000000FHMOUWX 0000000
00000000000000000000000000000000000000006DIJOQUWX 0000000
00000000000000000000000000000000000000000GJKQTUWX 0000000
0000000000000000000000000000000000000005AIKLSWUWX 0000000
0000000000000000000000000000000000000008BIJMTZUWX 0000000
0000000000000000000000000000000000000007BGJMS0UWY 0000000
0000000000000000000000000000000000000020IPWWY0000 0000000
0000000000000000000000000000000000000010GPTVXZ000 0000000
0000000000000000000000000000000000000040GORTWY000 0000000
