49
49
7
0000000000000000000000000000000000000000000000000 0001001
0000000000000000000000000000000000000000000000000 0001001
0000000000000000000000000000000000000000000000000 0001001
0000000000000000000000000000000000000000000000000 0001001
0000000000000000000000000000000000000000000000000 0001001
0000000000000000000000000000000000000000000000000 0001001
0000000000000000000000000000000000000000000000000 0001001
0000000000000000000000000000000000000000000000000 0001001
0000000000000000000000000000000000000000000000000 0001001
0000000000000000000000000000000000000000000000000 0001001
0000000000000000000000000000000000000000000000000 0001001
0000000000000000000000000000000000000000000000000 0001001
0000000000000000000000000000000000000000000000000 0001001
0000000000000000000000000000000000000000000000000 0001001
0000000000000000000000000000000000000000000000000 0001001
0000000000000000000000000000000000000000000000000 0001001
0000000000000000000000000000000000000000000000000 0001001
0000000000000000000000000000000000000000000000000 0001001
0000000000000000000000000000000000000000000000000 0001001
0000000000000000000000000000000000000000000000000 0001001
0000000000000000000000000000000000000000000000001 0001001
0000000000000000000000000000000000000000000000000 0001001
0000000000000000000000000000000000000000000000002 0001001
0000000000000000000000000000000000000000000000002 0001001
0000000000000000000000000000000000000000000000004 0001001
0000000000000000000000000000000000000000000000007 0001001
0000000000000000000000000000000000000000000000050 0001001
000000000000000000000000000000000000000000000060B 0001001
00000000000000000000000000000000000000000000240AG 0001001
00000000000000000000000000000000000000000000550CJ 0001001
00000000000000000000000000000000000000000000680BC 0001001
00000000000000000000000000000000000000000000790AC 0001001
0000000000000000000000000000000000000000000080ACD 0001001
0000000000000000000000000000000000000000000200CDF 0001001
0000000000000000000000000000000000000000000600DFG 0001001
0000000000000000000000000000000000000000002900FGI 0001001
000000000000000000000000000000000000000000700AGHJ 0001001
00000000000000000000000000000000000000000000ABHIK 0001001
00000000000000000000000000000000000000000080ACKMN 0001001
00000000000000000000000000000000000000000000ACKMN 0001001
00000000000000000000000000000000000000000500CEKMN 0001001
00000000000000000000000000000000000000000000EGKMN 0001001
0000000000000000000000000000000000000000300AGJKMN 0001001
000000000000000000000000000000000000000070ABIMKMN 0001001
0000000000000000000000000000000000000000800CJPKMN 0001001
0000000000000000000000000000000000000000800CIQKMO 0001001
00000000000000000000000000000000000000020FMMOQTUV 0001001
00000000000000000000000000000000000000000FJLNPTUV 0001001
00000000000000000000000000000000000000020EHJMOUVW 0001001
