49
49
7
0000000000000000000000000000000000000000003675579 0001001
0000000000000000000000000000000000000000003686680 0001001
0000000000000000000000000000000000000000002567790 0001001
0000000000000000000000000000000000000000000347790 0001001
0000000000000000000000000000000000000000000228800 0001001
0000000000000000000000000000000000000000000038900 0001001
0000000000000000000000000000000000000000000058900 0001001
0000000000000000000000000000000000000000000278800 0001001
0000000000000000000000000000000000000000000487789 0001001
0000000000000000000000000000000000000000000487666 0001001
0000000000000000000000000000000000000000000357543 0001001
0000000000000000000000000000000000000001200136421 0001001
0000000000000000000000000000000000000003300016410 0001001
0000000000000000000000000000000000000000000000001 0001001
0000000000000000000000000000000000000000000000001 0001001
0000000000000000000000000000000000000000000000001 0001001
0000000000000000000000000000000000000000000000001 0001001
0000000000000000000000000000000000000000000000001 0001001
0000000000000000000000000000000000000000000000001 0001001
0000000000000000000000000000000000000000000000000 0001001
0000000000000000000000000000000000000000000000000 0001001
0000000000000000000000000000000000123024410010000 0001001
0000000000000000000000000000000010112025510001000 0001001
0000000000000000000000000000022231100046620002111 0001001
0000000000000000000000000000155542200158731023344 0001001
0000000000000000000000000002377664322379953245567 0001001
0000000000000000000000000013477775655480064356790 0001001
0000000000000000000000000122356787889690085467900 0001001
0000000000000000000000111122245688000600086578000 0001001
0000000000000000000361234678999009090AA0000000000 0001001
0000000000000000001462235689900000000AA0000000000 0001001
0000000000000000002563346790000000000AA0000000000 0001001
000000000000000012467456790000000000000000000AAAA 0001001
0000000000000002456776789000000000000000AABAACCCC 0001001
00000000000000146888788900000000A0000000ABCBCFFFF 0001001
00000000000000258009899000000AAABABAA000BCDCDGGGG 0001001
00000000000000148997678900000000AAA00000BCEDEFFHF 0001001
0000000000000003788659998887700000000000ACDEDDDFF 0001001
0000000000000001466547777766600000000000ABDECEEFG 0001001
00000000000000002444366666666900000000000ACDBFFGH 0001001
000000000000000001233445566778990000000000ABAGFHI 0001001
000000000000000000012112345668899000090000000FFGH 0001001
000000000000000000001001245667788900088900000DDEF 0001001
000000000000000000000000013456778990077800000AABD 0001001
000000000000000000000000013456678890067890000000B 0001001
000000000000000000000000000001122334400001466900B 0001001
0000000000000000000000000000000001345000013558900 0001001
0000000000000000000000000000000000011000001335690 0001001
0000000000000000000000000000000000000000000001259 0001001
