49
49
7
5000000000000000000000000000000000000000000000000 0001001
1000000000000000000000000000000000000000000000000 0001001
0000000000000000000000000000000000000000000000000 0001001
0000000000000000000000000000000000000000000000000 0001001
0000000000000000000000000000000000000000000000000 0001001
0000000000000000000000000000000000000000000000000 0001001
0000000000000000000000000000000000000000000000000 0001001
0000000000000000000000000000000000000000000000000 0001001
0000000000000000000000000000000000000000000000000 0001001
0000000000000000000000000000000000000000000000000 0001001
0000000000000000000000000000000000000000000000000 0001001
0000000000000000000000000000000000000000000000000 0001001
0000000000000000000000000000000000000000000000000 0001001
0000000000000000000000000000000000000000000000000 0001001
0000000000000000000000000000000000000000000010000 0001001
0000000000000000000000000000000000004800000000000 0001001
0000000000000000000000000000000000000000000000000 0001001
0000000000000000000000000000000000000000000000000 0001001
4330000000000000000000000000000000000000000000000 0001001
0760000000000000000000000000000000000000000000000 0001001
B002000000000000000000000000000000000000000000000 0001001
FC06110000000000000000000000000000000000000000000 0001001
FF07530000000000000000000000000000000000000000000 0001001
DF06740000000000000000000000000000000000000000000 0001001
DC84740000000000000000000000000000000000000000000 0001001
EB62740000000000000000000000000000000000000000000 0001001
C000610000000000000000000000000000000000000000000 0001001
C000500000000000000000000000000000000000000000000 0001001
B009400000000000000000000000000000000000000000000 0001001
0007300000000000000000000000000000000000000000000 0001001
0086200000000000000000000000000000000000000000000 0001001
0874100000000000000000000000000000000000000000000 0001001
0653100000000000000000000000000000000000000000000 0001001
0754000000000000000000000000000000000000000000000 0001001
0098410000000000000000000000000000000000000000000 0001001
0007410000000000000000000000000000000000000000000 0001001
0086410000000000000000000000000000000000000000000 0001001
0875300000000000000000000000000000000000000000000 0001001
8654200000000000000000000000000000000000000110000 0001001
6432100000000000000000000000000000000000000111000 0001001
4321000000000000000000000000000000000000000010000 0001001
2211000000000000000000000000000000000000000000000 0001001
2000000000000000000000000000000000000000000001100 0001001
3000000000000000000000000000000000000000000000000 0001001
3000000000000000000000000000000000000000000000000 0001001
3000000000000000000000000000000000000000000000000 0001001
2000000000000000000000000000000000000000000000000 0001001
1000000000000000000000000000000000000000000000000 0001001
0000000000000000000000000000000000000000000000000 0001001
