49
49
7
0000000000000000000000000000000000000000000000000 0000000
0000000000000000000000000000000000000000000000000 0000000
0000000000000000000000000000000000000000000000000 0000000
0000000000000000000000000000000000000000000000000 0000000
0000000000000000000000000000000000000000000000000 0000000
0000000000000000000000000000000000000000000000000 0000000
0000000000000000000000000000000000000000000000000 0000000
0000000000000000000000000000000000000000000000000 0000000
0000000000000000000000000000000000000000000000000 0000000
0000000000000000000000000000000000000000000000000 0000000
0000000000000000000000000000000000000000000000000 0000000
0000000000000000000000000000000000000000000000000 0000000
0000000000000000000000000000000000000000000000000 0000000
0000000000000000000000000000000000000000000000000 0000000
0000000000000000000000000000000000000000000000000 0000000
0000000000000000000000000000000000000000000000000 0000000
0000000000000000000000000000000000000000000000000 0000000
0000000000000000000000000000000000026553000000000 0000000
0000000000000000000000000023146521478987520020000 0000000
0000000000000000000000000112146632588999875210000 0000000
0000000000000000000166789000098778900000008600233 0000000
00000000000034579000000000000009900000AA000053235 0000000
000000015900000ABDEE000ABBCC00000000CDEEDCA008560 0000000
00003469000BBBCCDDDDBBBBBCCCA000000AEEFFFDBAA000E 0000000
0400000000ABEEEDDCCCAAA00000A000000ACCDDDB0000BHL 0000000
00CDBBCCCDDDJIHGFEDC00000000A000000AABBCB0000AGJF 0000000
DEFFHGGFFEEDJIHFDBA0BAA0000000000000BBCCCA00AEGA9 0000000
HHFEHGFEDCBBFEDA0000DCBA000000000000CDEEDBA0EGE80 0000000
JJJJAA000ABCDCCCBBBBCCBAA0000000000AAABCCDEE0BFG0 0000000
IHHH0000ACDEFEEEDCCCCBBA000000000000AABCCDEEB0CF0 0000000
FEDD00ABDFHIIIHGFFEEBBAA000000000000AABCCDEEE00DB 0000000
B00000BEHJKKLLKJHGFFAA00000000090000AABCCDEEG00CF 0000000
00000BEILMMMNMLKIGFEA000000000999000AABCCDEEF00DH 0000000
0000BEIMOOMLONLJHFDD0000000009889000AABCCDEEC00GH 0000000
EGHHEHMPQPMKNMKIGDCB0000000098778000AABCCDEE00DKG 0000000
KMOOHKORRPLIMLKHECA00000000098778900AABCCDEE00HMF 0000000
LNOPKKKKKKKKMLJHFDBA0000876534568900000ABBCCF00D0 0000000
LMOOKKKKKKKKLLJHFDBA00008765345689000000ABBBC00C0 0000000
LMNOKKKKKKKKLKIGECA00000876523457890000000AA000BA 0000000
KLMMKKKKKKKKKJIGDBA0000087652235689900000000000AB 0000000
KLLLKKKKKKKKJIHFCA000000876511245788000000009000B 0000000
KKKKKKKKKKKKJIGECA0000008765012356789900000080A0C 0000000
KKKJKKKKKKKKIHFDB00000008765001245678889000090C0C 0000000
KJJJKKKKKKKKIHFDB0000000876500124567778890000BC0C 0000000
IIIIKKKKKKKKIHFDB000009865430000003400000000090DM 0000000
JJJJKKKKKKKKHHFDB000009865430000024600000000090CL 0000000
JJJJJJJJJJJJHGECA000098754320000136700000000090CJ 0000000
JJJJIIIIIIIIGFEC0000998653221101257900000000990CH 0000000
HHHHIIIIIIIIFEDB0000887542111101257900000000790AD 0000000
