49
49
7
0009730000000000000000000000000000000000000004899 0000000
0776520000000000000000000000000000000000000000000 0000000
8963231000000000000000000000000000000000000000000 0000000
6953110000000000000000000000000000000000000000000 0000000
1401000000000000000000000000000000000000000000000 0000000
0000010000000000000000000000000000000000000000000 0000000
0000000000000000000000000000000000000000000000000 0000000
3000000000000000000000000000000000000000000000000 0000000
0000000000000000000000000000000000000000000000000 0000000
0000000000000000000000000000000000000000000000000 0000000
0000000000000000000000000000000000000000000000000 0000000
0000000000000000000000000000000000000000000000000 0000000
0000000000000000000000000000000000000000000440000 0000000
0000000000000000000000000000000000000000002790000 0000000
0000000000000000000000000000000000006000003804000 0000000
0310000000000000000000000000000000000B60000584000 0000000
4644640000000000000000000000000000000100000000000 0000000
0646000000000000000000000000000000000000000000000 0000000
0005036000000000000000000000000000000000000000000 0000000
DA08156000000000000000000000000000000000000000000 0000000
LHD0686000000000000000000000000000000000000000000 0000000
PMH0005000000000000000000000000000000000000000000 0000000
PPHA004000000000000000000000000000000000000000000 0000000
NPF0A03000000000000000000000000000000000000000000 0000000
NMB0A02000000000000000000000000000000000000000000 0000000
OL00A01010000000000000000000000000000000000000000 0000000
MJHD006300000000000000000000000000000000000000000 0000000
MIGD006310000000000000000000000000000000000000000 0000000
LGFC006310000000000000000000000000000000000000000 0000000
JFDA096310000000000000000000000000000000000000000 0000000
HDB0096320000000000000000000000000000000000000000 0000000
GBA0085320000000000000000000000000000000001000000 0000000
F000085320000000000000000000000000000000034200000 0000000
EA00095420000000000000000000000000000000033100000 0000000
JFCB007632000000000000000000001340000025522232000 0000000
JEDA008640000000000000000000001444332458632343100 0000000
HDB0008640000000000000000000000447452447666676421 0000000
EBA0008640000000000000000000000356533345498999754 0000000
B000008640000000000000000000000022210124490000976 0000000
0000098653000000000000000000000000000013500000976 0000000
0000097653000000000000000000000000000002490000865 0000000
0000987764000000000000000000000000000002489009764 0000000
0900986320000000000000000000000000000000001590008 0000000
0900986320000000000000000000000000000000000001110 0000000
0900986320000000000000000000000000000000000000000 0000000
0900986320000000000000000000000000000000000000000 0000000
0900986321000000000000000000000000000000000000000 0000000
0900986321000000000000000000000000000000000000000 0000000
9900986321000000000000000000000000000000000000000 0000000
