49
49
7
0098853100000000000000000000000000000000000000000 0001001
9877642000000000000000000000000000000000000000000 0001001
7765522000000000000000000000000000000000000000000 0001001
6544311000000000000000000000000000000000000000000 0001001
5432200000000000000000000000000000000000000000000 0001001
4322100000000000000000000000000000000000000000000 0001001
2112430000000000000000000000000000000000000000000 0001001
2112320000000000000000000000000000000000000000000 0001001
2112320000000000000000000000000000000000000000000 0001001
1001210000000000000000000000000000000000000000000 0001001
0000100000000000000000000000000000000000000000000 0001001
0000000000000000000000000000000000000000000000000 0001001
0000000000000000000000000000000000000000000000000 0001001
0000000000000000000000000000000000000000000000000 0001001
0000000000000000000000000000000000000000000000000 0001001
0000000000000000000000000000000000000000000000001 0001001
0000000000000000000000000000000000000000000000005 0001001
0000000000000000000000000000000000000000000000002 0001001
0000000000000000000000000000000000000000000000002 0001001
0000000000000000000000000000000000000000000000008 0001001
0000000000000000000000000000000000000000000000040 0001001
0000000000000000000000000000000000000000000000039 0001001
0000000000000000000000000000000000000000000002050 0001001
0000000000000000000000000000000000000000000000060 0001001
0000000000000000000000000000000000000000000000270 0001001
000000000000000000000000000000000000000000000050A 0001001
000000000000000000000000000000000000000000000100F 0001001
00000000000000000000000000000000000000000000490EL 0001001
0000000000000000000000000000000000000000000100EKQ 0001001
0000000000000000000000000000000000000000000400GMT 0001001
000000000000000000000000000000000000000000050BJLM 0001001
00000000000000000000000000000000000000000005ACJKM 0001001
00000000000000000000000000000000000000000008BDKMN 0001001
00000000000000000000000000000000000000000000DFMNP 0001001
00000000000000000000000000000000000000000060GHNPQ 0001001
0000000000000000000000000000000000000000000CIJPQS 0001001
000000000000000000000000000000000000000005AFJKQRT 0001001
000000000000000000000000000000000000000008DHKLRSU 0001001
000000000000000000000000000000000000000007BFKMUWX 0001001
000000000000000000000000000000000000000000DGKMUWX 0001001
000000000000000000000000000000000000000000FHMOUWX 0001001
00000000000000000000000000000000000000006DIJOQUWX 0001001
00000000000000000000000000000000000000000GJKQTUWX 0001001
0000000000000000000000000000000000000005AIKLSWUWX 0001001
0000000000000000000000000000000000000008BIJMTZUWX 0001001
0000000000000000000000000000000000000007BGJMS0UWY 0001001
0000000000000000000000000000000000000020IPWWY0000 0001001
0000000000000000000000000000000000000010GPTVXZ000 0001001
0000000000000000000000000000000000000040GORTWY000 0001001
