49
49
7
0009730000000000000000000000000000000000000004899 0001001
0776520000000000000000000000000000000000000000000 0001001
8963231000000000000000000000000000000000000000000 0001001
6953110000000000000000000000000000000000000000000 0001001
1401000000000000000000000000000000000000000000000 0001001
0000010000000000000000000000000000000000000000000 0001001
0000000000000000000000000000000000000000000000000 0001001
3000000000000000000000000000000000000000000000000 0001001
0000000000000000000000000000000000000000000000000 0001001
0000000000000000000000000000000000000000000000000 0001001
0000000000000000000000000000000000000000000000000 0001001
0000000000000000000000000000000000000000000000000 0001001
0000000000000000000000000000000000000000000440000 0001001
0000000000000000000000000000000000000000002790000 0001001
0000000000000000000000000000000000006000003804000 0001001
0310000000000000000000000000000000000B60000584000 0001001
4644640000000000000000000000000000000100000000000 0001001
0646000000000000000000000000000000000000000000000 0001001
0005036000000000000000000000000000000000000000000 0001001
DA08156000000000000000000000000000000000000000000 0001001
LHD0686000000000000000000000000000000000000000000 0001001
PMH0005000000000000000000000000000000000000000000 0001001
PPHA004000000000000000000000000000000000000000000 0001001
NPF0A03000000000000000000000000000000000000000000 0001001
NMB0A02000000000000000000000000000000000000000000 0001001
OL00A01010000000000000000000000000000000000000000 0001001
MJHD006300000000000000000000000000000000000000000 0001001
MIGD006310000000000000000000000000000000000000000 0001001
LGFC006310000000000000000000000000000000000000000 0001001
JFDA096310000000000000000000000000000000000000000 0001001
HDB0096320000000000000000000000000000000000000000 0001001
GBA0085320000000000000000000000000000000001000000 0001001
F000085320000000000000000000000000000000034200000 0001001
EA00095420000000000000000000000000000000033100000 0001001
JFCB007632000000000000000000001340000025522232000 0001001
JEDA008640000000000000000000001444332458632343100 0001001
HDB0008640000000000000000000000447452447666676421 0001001
EBA0008640000000000000000000000356533345498999754 0001001
B000008640000000000000000000000022210124490000976 0001001
0000098653000000000000000000000000000013500000976 0001001
0000097653000000000000000000000000000002490000865 0001001
0000987764000000000000000000000000000002489009764 0001001
0900986320000000000000000000000000000000001590008 0001001
0900986320000000000000000000000000000000000001110 0001001
0900986320000000000000000000000000000000000000000 0001001
0900986320000000000000000000000000000000000000000 0001001
0900986321000000000000000000000000000000000000000 0001001
0900986321000000000000000000000000000000000000000 0001001
9900986321000000000000000000000000000000000000000 0001001
