49
49
7
0000000014600BCCA00050000000000000000000000000000 0001001
0000000014600BCCA00071000000000000000000000000000 0001001
0000000014600BCCA00084000000000000000000000000000 0001001
0000000024600BCCA08876410000000000000000000000000 0001001
0000000025600BCCA06677753221000000000000000000000 0001001
0000000000046899989852000042000000000000000000000 0001001
0000000000257900999752100000000000000000000000000 0001001
0000000000479000098742101100000000000000000000000 0001001
0000000000590000997642112000000001000000000000000 0001001
0000000000690009876532123100000000000000000000000 0001001
0000000000588987545421123210000000000000000000000 0001001
0000000000366654204321134300000000000000000000000 0001001
0000000001225340004120215300000000000000000000000 0001001
0000000000852000001000014200000000000000000000000 0001001
0000000000300000000000000000000000000000000000000 0001001
0000000000000000000000000000000000000000000000000 0001001
0000000000000000000000000000000000000000000000000 0001001
0000000000000000000000000000000000000000000000000 0001001
0000000000000000000000000000000000000000000000000 0001001
0000000000000000000000000000000000000000000000000 0001001
0000000000000000000000000000000000000000000000000 0001001
0000000000000000000000000000000000000000000000000 0001001
0000000000000000000000000000000000000000000000000 0001001
0000000000000000000000000000000000000000000000000 0001001
0000000000000000000000000000000000000000000000000 0001001
0000000000000000000000000000000000000000000000000 0001001
0000000000000000000000000000000000000000000000000 0001001
0000000000000000000000000000000000000000000000000 0001001
0000000000000000000000000000000000000000000000000 0001001
0000000000000000000000000000000000000000002100000 0001001
0000000000000000000000000000000000000012210000000 0001001
0000000000000000000000000000000000000000000000000 0001001
0000000000000000000000000000000000000000000000000 0001001
0000000000000000000000000000000000000000000000000 0001001
0000000000000000000000000000000000000000000000000 0001001
0000000000000000000000000000000000000000000000000 0001001
0000000000000000000000000000000000000000000000000 0001001
0000000000000000000000000000000000000000000000000 0001001
0000000000000000000000000000000000000000000000000 0001001
0000000000000000000000000000000000000000000000000 0001001
0000000000000000000000000000000000000000000000000 0001001
0000000000000000000000000000000000000000000000000 0001001
0000000000000000000000000000000000000000000000000 0001001
0000000000000000000000000000000000000000000000000 0001001
0000000000000000000000000000000000000000000000000 0001001
0000000000000000000000000000000000000000000000000 0001001
0000000000000000000000000000000000000000000000000 0001001
0000000000000000000000000000000000000000000000000 0001001
0000000000000000000000000000000000000000000000000 0001001
