49
49
7
0000000000000000000000000000000003000000000000000 0001001
0000000600000000000000000000000000100000000000000 0001001
000000DS10000000000000000000000000000000000000000 0001001
0000000G00000000000000000000000000000000000000000 0001001
0000000000000000000000000000000000000000000000000 0001001
0000000000000000000000000000000000000000000000000 0001001
0000000000000000000000000000000000000000000000000 0001001
0000000000000000000000000000000000000000000000000 0001001
0000000000000000000010000000000000000000000000000 0001001
000000000000000000568679AGD0000000000000000000000 0001001
000000000000000000BBC000DLF4000000000000000000000 0001001
000000000000000005000000BIE5000000000000000000000 0001001
0000000000000000500AA0855710000000000000000000000 0001001
00000000000000000BED00100000000000000000000000000 0001001
0000000000000000800950000000000000000000000000000 0001001
0000000000000000000000000000000000000000000000000 0001001
0000000000000000000000000000000000000000000000000 0001001
0000000000000000000000000000000000000000000000000 0001001
0000000000000000000000000000000000000000000000000 0001001
0000000000000000000000000000000000000000000000000 0001001
0000000000000000000000000000000000000000000000000 0001001
0000000000000000000000000000000000000000000000000 0001001
0000000000000000000000000000000000000000000000000 0001001
0000000000000000000000000000000000000000000000000 0001001
0000000000000000000000000000000000000000000000000 0001001
0000000000000000000000000000000000000000000000000 0001001
0000000000000000000000000000000000000000000000000 0001001
0000000000000000000000000000000000000000000000000 0001001
0000000000000000000000000000000000000000000000000 0001001
0000000000000000000000000000000000000000000000000 0001001
0000000000000000000000000000000000000000000000000 0001001
0000000000000000000000000000000000000000000000000 0001001
0000000000000000000000000000000000000000000000000 0001001
0000000000000000000000000000000000000000000000000 0001001
0000000000000000000000000000000000000000000000000 0001001
0000000000000000000000000000000000000000000000000 0001001
0000000000000000000000000000000000000000000000000 0001001
0000000000000000000000000000000000000000000000000 0001001
0000121000000000000000000000000000000000000000000 0001001
0000000000000000000000000000000000000000000000000 0001001
0000000000000000000000000000000000000000000000000 0001001
0000000000000000000000000000000000000000000000000 0001001
0000000000000000000000000000000000000000000000000 0001001
0000000000000000000000000000000000000000000000000 0001001
0000000000000000000000000000000000000000000000000 0001001
0000000000000000000000000000000000000000000000000 0001001
0000000000000000000000000000000000000000000000000 0001001
0000000000000013450122100000000000000000000000000 0001001
0011000000000146894432000000000000000000000000000 0001001
