49
49
7
BBA0000000962000020KONOLHDAA0AB000900BGQYYSMLNMMN 0001011
CBAA00000085100004COQNMKGC0000009767900FNRQMIGHIK 0001011
CBBA00000085100005EQRNLJFB00000085222480FLOLFAFGH 0001011
DCA000A0007521006AGKLLFDABBA0500986555170BFHHHFBA 0001011
DCA00000007521008BHLMMHECCB0946442000002700DFFGD0 0001011
DCA00000096410020DJNNNKHEDB07200000000000370ADGFC 0001011
DCA00000095310040FKNNNNJFEC071000000000000070ADHI 0001011
DCA00000084200050FJNMMOKGFD0720000000000000500AHO 0001011
DCA00000974200050EILKKNJGFEB0400000000000147900FM 0001011
DCA00000863100040CGIIHLIFFFD073100000047900009BBD 0001011
DBA00000064100030BGHHFJHFFFE099854321280000006F00 0001011
D0A0007544762063580FKLOMKIGECB0098890076880000000 0001011
00000009774000040000BGLKJHGEDD0000000098900000000 0001011
00087700971000000E080AHGGFFFFFA000000000000000000 0001011
0875440984000000000000BCCDEFGGBA0000A000000000000 0001011
8754323210000000000EA000ABDEFGBA0000A0A0000000000 0001011
8654220000000000000000000ABCDEA0000000BA000000000 0001011
97643320000000000000360000AAAB00000000A0000000000 0001011
98654351000000000000040000000000000000A0000000000 0001011
0008655000000000000000060063709000000700000000000 0001011
8875200000000000000000004620028000000600000000000 0001011
5530001000000000000000000441006790097400000000000 0001011
4410000000000000000000000499646667766498990000000 0001011
5420000000000000000000000070086655556477789900000 0001011
5300000000000000000000000003558754457665667889000 0001011
1000000000000000000002000000120864468854456777900 0001011
0000000000000000000000800000020075570043546677090 0001011
0000000000000000000000054000000085434408978574080 0001011
0000000000000000000000046000006655555599887665665 0001011
0000000000000000000000008800000013566577765444111 0001011
0000000000000000000000008091000001455555443221000 0001011
0000000000000000000000005006000000012332210000000 0001011
0000000000000000000000000809300000000000000000000 0001011
0000000000000000000000000179750000000000000000000 0001011
0000000000000000000000000038982000000000000000000 0001011
00000000000000000000000000000D7810000000000000000 0001011
0000000000000000000000000000708040000000000000000 0001011
0000000000000000000000000000080090000000000000000 0001011
0000000000000000000000000000000004000000000000000 0001011
0000000000000000000000000000000008400000000000000 0001011
0000000000000000000000000000008000940000000000000 0001011
0000000000000000000000000000005909090000000000000 0001011
0000000000000000000000000000004788000000000000000 0001011
0000000000000000000000000000000180070000000000000 0001011
0000000000000000000000000000000060070000000000000 0001011
J000000000000000000000000000000019060000000000004 0001011
LA00000000000000000000000000000004840000000000005 0001011
IK40000000000000000000000000000000410000000000025 0001011
KLD0000000000000000000000000000000000000000002368 0001011
