49
49
7
000000000027000CIMQSTY00000000000000000000000UTSS 0001011
000000005690A0CGMQTVX000000000000000000000000YXXW 0001011
0000005000000BEKOTWZZ000000000000000000000000000Z 0001011
00001600AA0BEHJOTZ0000000000000000000000000000000 0001011
00023060AEGKOLNUY00000000000000000000000000000000 0001011
005900DOW0YTPY00000000000000000000000000000000000 0001011
05900AFOUYXVU000000000000000000000000000000000000 0001011
4900AFHNSVXZ0000000000000000000000000000000000000 0001011
7000AKMORUX00000000000000000000000000000000000000 0001011
90000POPRW000000000000000000000000000000000000000 0001011
9000APRRVY000000000000000000000000000000000000000 0001011
00BEFQRVZ0000000000000000000000000000000000000000 0001011
0BFIKPTY00000000000000000000000000000000000000000 0001011
AGJLOSUW00000000000000000000000000000000000000000 0001011
GKORRVX000000000000000000000000000000000000000000 0001011
LPUVX00000000000000000000000000000000000000000000 0001011
NTWYZ00000000000000000000000000000000000000000000 0001011
QUWZ000000000000000000000000000000000000000000000 0001011
SWZ0000000000000000000000000000000000000000000000 0001011
W000000000000000000000000000000000000000000000000 0001011
0000000000000000000000000000000000000000000000000 0001011
0000000000000000000000000000000000000000000000000 0001011
0000000000000000000000000000000000000000000000000 0001011
0000000000000000000000000000000000000000000000000 0001011
0000000000000000000000000000000000000000000000000 0001011
0000000000000000000000000000000000000000000000000 0001011
0000000000000000000000000000000000000000000000000 0001011
0000000000000000000000000000000000000000000000000 0001011
0000000000000000000000000000000000000000000000000 0001011
0000000000000000000000000000000000000000000000000 0001011
0000000000000000000000000000000000000000000000000 0001011
0000000000000000000000000000000000000000000000000 0001011
0000000000000000000000000000000000000000000000000 0001011
0000000000000000000000000000000000000000000000000 0001011
0000000000000000000000000000000000000000000000000 0001011
0000000000000000000000000000000000000000000000000 0001011
0000000000000000000000000000000000000000000000000 0001011
0000000000000000000000000000000000000000000000000 0001011
0000000000000000000000000000000000000000000000000 0001011
0000000000000000000000000000000000000000000000000 0001011
0000000000000000000000000000000000000000000000000 0001011
0000000000000000000000000000000000000000000000000 0001011
0000000000000000000000000000000000000000000000000 0001011
0000000000000000000000000000000000000000000000000 0001011
0000000000000000000000000000000000000000000000000 0001011
0000000000000000000000000000000000000000000000000 0001011
0000000000000000000000000000000000000000000000000 0001011
0000000000000000000000000000000000000000000000000 0001011
0000000000000000000000000000000000000000000000000 0001011
