49
49
7
0000000000000000000000000000000000000000000000355 0000111
0000000000000000000000000000000000000000000000355 0000111
0000000000000000000000000000000000000000000000000 0000111
0000000000000000000000000000000000000000000000000 0000111
0000000000000000000000000000000000000000000000000 0000111
0000000000000000000000000000000000000000000000001 0000111
0000000000000000000000000000000000000000000000001 0000111
0000000000000000000000000000000000000000000000002 0000111
0000000000000000000000000000000000000000000000003 0000111
0000000000000000000000000000000000000000000000003 0000111
0000000000000000000000000000000000000000000000004 0000111
0000000000000000000000000000000000000000000000003 0000111
0000000000000000000000000000000000000000000000002 0000111
0000000000000000000000000000000000000000000000002 0000111
0000000000000000000000000000000000000000000000001 0000111
0000000000000000000000000000000000000000000000000 0000111
0000000000000000000000000000000000000000000000000 0000111
0000000000000000000000000000000000000000000000000 0000111
0000000000000000000000000000000000000000000000000 0000111
0000000000000000000000000000000000000000000000000 0000111
0000000000000000000000000000000000000000000000000 0000111
0000000000000000000000000000000000000000000000000 0000111
0000000000000000000000000000000000000000000000000 0000111
0000000000000000000000000000000000000000000000000 0000111
0000000000000000000000000000000000000000000000000 0000111
0000000000000000000000000000000000000000000000000 0000111
0000000000000000000000000000000000000000000000000 0000111
0000000000000000000000000000000000000000000000000 0000111
0000000000000000000000000000000000000000000000000 0000111
0000000000000000000000000000000000000000000000000 0000111
0000000000000000000000000000000000000000000000000 0000111
0000000000000000000000000000000000000000000000000 0000111
2100000000000010000000000000000000000000000000000 0000111
0000000000102210000000000000000000000000000000003 0000111
3311223445345545310000000000000000000000000000007 0000111
3322234555667775320000000000000000000000000000004 0000111
4433445667678875420000000000000000000000000000000 0000111
5545567788788986430000000000000000000000000000000 0000111
5566778990889997540000000000000000000000000000000 0000111
6678890000890098650000000000000000000000000000000 0000111
7799900000900008650010000000000000000000000000000 0000111
7790000000900009760121000000000000000000000000002 0000111
0079000000000000866652000000000000000000000000000 0000111
0079000000000000976652000000000000000000000000001 0000111
0079000000000000097753000000000000000000000000001 0000111
0079000000000000008863000000000000000000000000003 0000111
0079000000000000009963000000000000000000000000002 0000111
0079000000000000000973000000000000000000000000014 0000111
00790000000000AA000083000000000000000000000000014 0000111
