49
49
7
0000000000000000000000000000000000000000000000000 0000000
1000000000000000000000000000000000000000000000001 0000000
0000000000000000000000000000000000000000000000000 0000000
0000000000000000000000000000000000000000000000000 0000000
0000000000000000000000000000000000000000000000000 0000000
0000000000000000000000000000000000000000000000000 0000000
0000000000000000000000000000000000000000000000000 0000000
0000000000000000000000000000000000000000000000000 0000000
0000000000000000000000000000000000000000000000000 0000000
0000000000000000000000000000000000000000000000000 0000000
0000000000000000000000000000000000000000000000000 0000000
0000000000000000000000000000000000000000000000000 0000000
0000000000000000000000000000000000000000000000000 0000000
0000000000000000000000000000000000000000000000000 0000000
0000000000000000000000000000000000000000000000000 0000000
0000000000000000000000000000000000000000000000000 0000000
0000000000000000000000000000000000000000000000000 0000000
0000000000000000000000000000000000000000000000000 0000000
0000000000000000000000000000000000000000000000000 0000000
0000000000000000000000000000000000000000000000000 0000000
0000000000000000000000000000000000000000000000000 0000000
0000000000000000000000000000000000000000000000000 0000000
0000000000000000000000000000000000000000000000000 0000000
0000000000000000000000000000000000000000000000000 0000000
0000000000000000000000000000000000000000000000000 0000000
0000000000000000000000000000000000000000000100000 0000000
0000000000000000000000000000000000000000007740000 0000000
0000000000000000000000000000000000000000018977800 0000000
00000000000000000000000000000000000000000002250BN 0000000
00000000000000000000000000000000000000100000020C0 0000000
0000000000000000000000000000000000000020000000900 0000000
000000000000000000000000000000000000000000000028U 0000000
0000000000000000000000000000000000000000000000035 0000000
0000000000000000000000000000000000000010434554224 0000000
0000000000000000000000000000000000000001567887655 0000000
0000000000000000000000000000000000000001456776541 0000000
0000000000000000000000000000000000000000234554320 0000000
0000000000000000000000000000000000000000123443210 0000000
0000000000000000000000000000000000000000001221000 0000000
0000000000000000000000000000000000000000000110000 0000000
0000000000000000000000000000000000000000000000000 0000000
0000000000000000000000000000000000000000012331000 0000000
0000000000000000000000000000000000000000012321000 0000000
0000000000000000000000000000000000000000012210000 0000000
0000000000000000000000000000000000000000012200000 0000000
0000000000000000000000000000000000000000022100000 0000000
0000000000000000000000000000000000000000022100000 0000000
0000000000000000000000000000000000000000021000000 0000000
0000000000000000000000000000000000000000021000000 0000000
