49
49
7
0000000000000000000000000000000000000000800000000 0000000
0000000000000000000000000530000000000009790080000 0000000
0000000000000000000000000004000000000080080090000 0000000
00000000000000000000000000D00420000010DE068860000 0000000
0000000000000000000000000DIIFA00989000EB602438000 0000000
0000000000000000000000002CJLHHGFDDCDDAFC604760000 0000000
0000000000000000000000007CKNIKJJIHHGGCIF048090009 0000000
0000000000000000000000000CKNHKKKKJIHGCJH046642100 0000000
000000000000000000000006AFLOIKJKKJHGE0GE800000000 0000000
000000000000000000000008GJHIKLKJHFDCB000000000000 0000000
0000000000000000000000020000000000000000000000000 0000000
0000000000000000000000000000000000000000000000000 0000000
0000000000000000000000000000000000000000000000000 0000000
0000000000000000000000000000000000000000000000000 0000000
0000000000000000000000000000000000000000000000000 0000000
0000000000000000000000000000000000000000000000000 0000000
0000000000000000000000000000000000000000000000000 0000000
0000000000000000000000000000000000000000000000000 0000000
0000000000000000000000000000000000000000000000000 0000000
0000000000000000000000000000000000000000000000000 0000000
0000000000000000000000000000000000000000000000000 0000000
0000000000000000000000000000000000000000000000000 0000000
0000000000000000000000000000000000000000000000000 0000000
0000000000000000000000000000000000000000000000000 0000000
0000000000000000000000000000000000000000000000000 0000000
0000000000000000000000000000000000000000000000000 0000000
0000000000000000000000000000000000000000000000000 0000000
0000000000000000000000000000000000000000000000000 0000000
0000000000000000000000000000000000000000000000000 0000000
0000000000000000000000000000000000000000000000000 0000000
0000000000000000000000000000000000000000000000000 0000000
0000000000000000000000000000000000000000000000000 0000000
0000000000000000000000000000000000000000000000000 0000000
0000000000000000000000000000000000000000000000000 0000000
0000000000000000000000000000000000000000000000000 0000000
0000000000000000000000000000000000000000000000000 0000000
0000000000000000000000000000000000000000000000000 0000000
0000000000000000000000000000000000000000000000002 0000000
0000000000000000000000000000000000000000000240085 0000000
0000000000000000000000000000000000000000AA0740097 0000000
0000000000000000000000000000000000058ACEA06453456 0000000
000000000000000000000000000000080000B566370008888 0000000
0000000000000000000000000000015008457000169078888 0000000
0000000000000000000000000039080060000000069988888 0000000
0000000000000000000000000247796300000000070008888 0000000
0000000000000000000016665544252000000000000008888 0000000
00000000000000000037844445444000000000000000A0888 0000000
0000000000000000000000000000000000000000000000888 0000000
0000000000000000000000000000000000000000089608888 0000000
