49
49
7
0000000000000000000000000000000000000000000000000 0000000
0000000000000000000000000000000000000000000000000 0000000
0000000000000000000000000000000000000000000000000 0000000
0000000000000000000000000000000000000000000000000 0000000
0000000000000000000000000000000000000000000000000 0000000
0000000000000000000000000000000000000000000000000 0000000
0000000000000000000000000000000000000000000000000 0000000
0000000000000000000000000000000000000000000000000 0000000
0000000000000000000000000000000000000000000000000 0000000
0000000000000000000000000000000000000000000000000 0000000
0000000000000000000000000000000000000000000000000 0000000
0000000000000000000000000000000000000000000000000 0000000
0000000000000000000000000000000000000000000000000 0000000
0000000000000000000000000000000000000000000000000 0000000
0000000000000000000000000000001000000000000000000 0000000
0000000000000000000000000000077400000000000000000 0000000
000000000000000000000000000018977800BIH0000000000 0000000
0000000000000000000000000000002250BNSYXN000000000 0000000
0000000000000000000000000100000020C0000R000000000 0000000
000000000000000000000000020000000900000P000000000 0000000
00000000000000000000000000000000028UWYTH600000000 0000000
0000000000000000000000000000000000350CGB400000000 0000000
0000000000000000000000000104345542246992000000000 0000000
0000000000000000000000000015678876557993000000000 0000000
0000000000000000000000000014567765413550000000000 0000000
0000000000000000000000000002345543200100000000000 0000000
0000000000000000000000000001234432100000000000000 0000000
0000000000000000000000000000012210000000000000000 0000000
0000000000000000000000000000001100000000000000000 0000000
0000000000000000000000000000000000000000000000000 0000000
0000000000000000000000000000123310000000000000000 0000000
0000000000000000000000000000123210000000000000000 0000000
0000000000000000000000000000122100000000000000000 0000000
0000000000000000000000000000122000000000000000000 0000000
0000000000000000000000000000221000000000000000000 0000000
0000000000000000000000000000221000000000000000000 0000000
0000000000000000000000000000210000000000000000000 0000000
0000000000000000000000000000210000000000000000000 0000000
0000000000000000000000000003431000000000000000000 0000000
0000000000000000000000000002320000000000000000000 0000000
0000000000000000000000000001200000000000000000000 0000000
0000000000000000000000000010100000000000000000000 0000000
0000000000000000000000000001000000000000000000000 0000000
0000000000000000000000000002200000000000000000000 0000000
0000000000000000000000000004420000000000000000000 0000000
0000000000000000000000000005542000000000000000000 0000000
0000000000000000000000000000023432100000000000000 0000000
0000000000000000000000000000012433200000000000000 0000000
0000000000000000000000000000000223200000000000000 0000000
