49
49
7
0000000000000000000000000000000000000000000000000 0000000
0000000000000000000000000000000000000000000000000 0000000
0000000000000000000000000000000000000000000000000 0000000
0000000000000000000000000000000000000000000000000 0000000
0000000000000000000000000000000000000000000000000 0000000
0000000000000000000000000000000000000000000000000 0000000
0000000000000000000000000000000000000000000000000 0000000
0000000000000000000000000000000000000000000000000 0000000
0000000000000000000000000000000000000000000000000 0000000
0000000000000000000000000000000000000000000000000 0000000
0000000000000000000000000000000000000000000000000 0000000
0000000000000000000000000000000000000000000000000 0000000
0000000000000000000000000000000000000000000000000 0000000
0000000000000000000000000000000000000000000000000 0000000
0000000000000000000000000000000000000000000000000 0000000
0000000000000000000000000000000000000000000000000 0000000
0000000000000000000000000000000000000000000000000 0000000
0000000000000000000000000000000000000000000000000 0000000
0000000000000000000000000000000000000000000000000 0000000
0000000000000000000000000000000000000000000000000 0000000
0000000000000000000000000000000000000000000000000 0000000
0000000000000000000000000000000000000000000000000 0000000
0000000000000000000000000000000000000000000000000 0000000
0000000000000000000000000000000000000000000001666 0000000
0000000000000000000000000000000000000000000378444 0000000
0000000000000000000000000000000000000000000000000 0000000
0000000000000000000000000000000000000000000000000 0000000
0000000000000000000000000000000000000000000000000 0000000
0000000000000000000000000000000006300000000000000 0000000
0000000000000000000000000000000000000000000000000 0000000
0000000000000000000000000000000000D00000000000000 0000000
0000000000000000000000000000000009CF6000000000000 0000000
00000000000000000000000000000000360C0110000000000 0000000
0000000000000000000000000000000057800700000000000 0000000
0000000000000000000000000000000035700000000000000 0000000
0000000000000000000000000000000003566300000000000 0000000
0000000000000000000000000000000001454200000000000 0000000
0000000000000000000000000000000000242120000000000 0000000
0000000000000000000000000000000000120060000000000 0000000
0000000000000000000000000000000000010060000000000 0000000
0000000000000000000000000000000000000022000000000 0000000
0000000000000000000000000000000000000004300000000 0000000
0000000000000000000000000000000000000004800000000 0000000
0000000000000000000000000000000001355524200000000 0000000
0000000000000000000000000000000014566523200000000 0000000
0000000000000000000000000000000002444312300000000 0000000
0000000000000000000000000000000002322102300000000 0000000
0000000000000000000000000000000000000001210000000 0000000
0000000000000000000000000000000000000000300000000 0000000
