49
49
7
000000000000000000000000000Z0000TJLPV00000000ZTJ0 0000001
00000000000000000000000000D0000YRLKNSY000000WNG09 0000001
00000000000000000000000002HZ00SMJEEEILRX000YPE005 0000001
00000000000000000000000004GQWNIEC00000DIRVWQJC004 0000001
00000000000000000000000005CKMHDC02974480IOOLGB003 0000001
0000000000000000000000000000BA0644100050CIFGA0952 0000001
000000000000000000000000000000400000000290EEC0930 0000001
0000000000000000000000000090080000000000020000920 0000001
0000000000000000000000000057830000000000000268720 0000001
0000000000000000000000000001300000000000000000220 0000001
0000000000000000000000000000000000000000000000000 0000001
0000000000000000000000000000000000000000000000000 0000001
0000000000000000000000000000000000000000000000000 0000001
0000000000000000000000000000000000000000000000000 0000001
0000000000000000000000000000000000000000000000000 0000001
0000000000000000000000000000000000000000000000000 0000001
0000000000000000000000000000000001000000000000000 0000001
0000000000000000000000000000000000125540000000000 0000001
0000000000000000000000000000000000247998530000000 0000001
0000000000000000000000000000000000224554330000000 0000001
0000000000000000000000001000000000312010000000000 0000001
0000000000000000000000146642212010211000000000000 0000001
0000000000000000000112468732222211000000000000000 0000001
0000000000000000114457890930000111000000000000000 0000001
0000000000000001238900000920000000000000000000000 0000001
0000000000000013450000000030000000000000000000000 0000001
000000000000002467000BB00830000000000000000000000 0000001
000000000000013578000CC00640000000000000000000000 0000001
0000000000000136678000008230000000000000000000000 0000001
0000011000023557870086310042000000000000000000000 0000001
0000011000234666657631000000000000000000000000000 0000001
0000011000455766551000000000000000000000144410000 0000001
0000011000466545320000000000000003532000141000000 0000001
0000011000544322000000000000000159008200000000000 0000001
0000011000321000000000000000023369084000000000000 0000001
0000011000100000000000000000354235510000000000000 0000001
0000011000000000000000000000342000000000000000000 0000001
1000000000000000000000000001320000000000000000000 0000001
1000000000000000000000000000000000000000000000000 0000001
1000000000000000000000000000000000000000000000000 0000001
1000000000000000000000000000000000000000000000000 0000001
1000000000000000000000000000000000000000000000000 0000001
0000000000000000000000000000000000000000000000000 0000001
0000000000000000000000000000000000000000000000000 0000001
0000000000000000000000000000000000000000000000000 0000001
3200010000000000000000000000000000000000000000000 0000001
3100010000000000000000000000000000000000000000000 0000001
2100110000000000000000000000000000000000000000000 0000001
1011210000000000000000000000000000000000000000000 0000001
