49
49
7
0000000000000000000000000000000000000000000000000 0000001
0000000000000000000000000000000000000000000000000 0000001
0000000000000000000000000000000000000000000000000 0000001
0000000000000000000000000000000000000000000000000 0000001
0000000000000000000000000000000000000000000000000 0000001
0000000000000000000000000000000000000000000000000 0000001
0000000000000000000000000000000000000000000000000 0000001
0000000000000000000000000000000000000000000000000 0000001
0000000000000000000000000000000000000000000000000 0000001
0000000000000000000000000000000000000000000000000 0000001
0000000000000000000000000000000000000000000000000 0000001
0000000000000000000000000000000000000000000000000 0000001
0000000000000000000000000000000000000000000000000 0000001
0000000000000000000000000000000000000000000000000 0000001
0000000000000000000000000000000000000000000000000 0000001
0000000000000000000000000000000000000000000000000 0000001
0000000000000000000000000000000000000000000000000 0000001
0000000000000000000000000000000000000000000000000 0000001
0000000000000000000000000000000000000000000000000 0000001
0000000000000000000000000000000000000000000000000 0000001
0000000000000000000000000000000000000000000000000 0000001
0000000000000000000000000000000000000000000000000 0000001
0000000000000000000000000000000000000000000000000 0000001
0000000000000000000000000000000000000000000000000 0000001
0000000000000000000000000000000000000000000000000 0000001
0000000000000000000000000000000000000000000000000 0000001
0000000000000000000000000000000000000000000000000 0000001
0000000000000000000000000000000000000000000000000 0000001
0000000000000000000000000000000000000000000000000 0000001
0000000000000000000000000000000000000000000000000 0000001
0000000000000000000000000000000000000000000000000 0000001
0000000000000000000000000000000000000000000000000 0000001
00000000000000000000000000000000003X0000000000000 0000001
0000000000000000000000000000000000000000000000000 0000001
0000000000000000000000000000000000000000000000000 0000001
0000000000000000000000000000000000000000000000000 0000001
0000000000000000000000000000000000000000000000000 0000001
0000000000000000000000000000000000000000000000000 0000001
0000000000000000000000000000000000000000000000000 0000001
0000000000000000000000000000000000000000000000000 0000001
0000000000000000000000000000000000000000000000000 0000001
0000000000000000000000000000000000000000000000000 0000001
0000000000000000000000000000000000000000000000000 0000001
0000000000000000000000000000000000000000000000000 0000001
0000000000000000000000000000000000000000000000000 0000001
0000000000000000000000000000000000000000000000000 0000001
0000000000000000000000000000000000000000000000000 0000001
0000000000000000000000000000000000000000000000000 0000001
0000000000000000000000000000000000000000000000000 0000001
