49
49
7
2100000000000000000000000000000000000000000000000 0000000
3100000000000000000000000000000000000000000000000 0000000
3100000000000000000000000000000000000000000000000 0000000
3000000000000000000000000000000000000000000000000 0000000
3000000000000000000000000000000000000000000000000 0000000
3000000000000000000000000000000000000000000000000 0000000
6320001000000000000000000000000000000000000000000 0000000
5310001000000000000000000000000000000000000000000 0000000
5210011000000000000000000000000000000000000000000 0000000
4101121000000000000000000000000000000000000000000 0000000
3102222000000000000000000000000000000000000000000 0000000
2003332000000000000000000000000000290000000000000 0000000
20044320000000000000000000000000FKNA0000000000000 0000000
10044320000000000000000000060CA98EP00600000000000 0000000
2210000000000000000000000005111350000B50000000000 0000000
1110000000000000000000000000000002618010000000000 0000000
0000000000000000000000000000000000000000000000000 0000000
0000000000000000000003200000000000000000000000000 0000000
0000000000000000000146300000000000000000000000000 0000000
0000000000000000000256300000000000000000000000000 0000000
0000000000000000000135200001200000000000000000000 0000000
0000000000000000000024200005300000000000000000000 0000000
0000000000000000000000000000000000000000000000000 0000000
0000000000000000000000000000000000000000000000000 0000000
0000000000000000000000000000000000000000000000000 0000000
0000000000000000000000000000000000000000000000000 0000000
0000000000000000000000000000000000000000000000000 0000000
0000000000000000000000000000000000000000000000000 0000000
0000000000000000000000000000000000000000000000000 0000000
0000000000000000000000000000000000000000000000000 0000000
0000000000000000000000000000000000000000000000000 0000000
0000000000000000000000000000000000000000000000000 0000000
0000000000000000000000000000000000000000000000000 0000000
0000000000000000000000000000000000000000000000000 0000000
0000000000000000000000000000000000000000000000000 0000000
0000000000000000000000000000000000000000000000000 0000000
0000000000000000000000000000000000000000000000000 0000000
0000000000000000000000000000000000000000000000000 0000000
0000000000000000000000000000000000000000000000000 0000000
0000000000000000000000000000000000000000000000000 0000000
0000000000000000000000000000000000000000000000000 0000000
0000000000000000000000000000000000000000000000000 0000000
0000000000000000000000000000000000000000000000000 0000000
0000000000000000000000000000000000000100000000000 0000000
0000000000000000000000000000000000001220000000000 0000000
0000000000000000000000000000000000000000000000000 0000000
0000000000000000000000000000000000010000000000000 0000000
0000000000000000000000000000000000000000000000000 0000000
0000000000000000000000000000000000000000000000000 0000000
