49
49
7
0000002L00000000000000000000000000000000000000000 0000000
000000K000000000000000000000000000000000000000000 0000000
0000000000000000000000000000000000000000000000000 0000000
0000000000000000000000000000000000000000000000000 0000000
0000000000000000000000000000000000000000000000000 0000000
000004WZ00000000000000000000000000000000000000000 0000000
000000BCCCGR0000000000000000000000000000000000000 0000000
000000004010S000000000000000000000000000000000000 0000000
000005LE70000LT0000000000000000000000000000000000 0000000
000242LG000007CMZ00000000000000000000000000000000 0000000
0040920080000000HQ0000000000000000000000000000000 0000000
00012600050000010BKW00000000000000000000000000000 0000000
006789000600000070DMX0000000000000000000000000000 0000000
06000070080000002600HQ000000000000000000000000000 0000000
40000058004000000360AIOT0000000000000000000000000 0000000
609766469060000000490FKKJMT0000000000000000000000 0000000
697444668970000000380DKHCADKTZ0000000000000000000 0000000
5863348656600000000270EECAABDENQV0000000000000000 0000000
68644606345100000000150BFEF00709090FQV00000000000 0000000
23443225807100000003450BB00963300040AFQ0000000000 0000000
2344322589710000000345000095200000390FDZ000000000 0000000
1233211467500000000124909740000000070D0N000000000 0000000
1233211356400000000024898740000000070DHNZ00000000 0000000
0011000122100000000003999740000000070ALMT00000000 0000000
00110000110000000000038986300000001700DEJX0000000 0000000
0011000000000000000003565300000000380000BKY000000 0000000
00110022211000000000010210000000003700000AGR00000 0000000
00000003344200000000001210000000002680BCCCDDDDUX0 0000000
0000002456430000000000010000000000156700000000DFK 0000000
0000002456430000000000000000000000245667777777458 0000000
0000002456430000000000000000000000244556655444123 0000000
0000002456430000000000000000000000243477765433111 0000000
0000002456430000000000000000000000332299875433000 0000000
0000002456430000000000000000000001331188653100000 0000000
0000002456430000000000000000000002331056531000110 0000000
0000002456430000000000000000000002333243100000000 0000000
0000002456430000000000000000000002332232000000000 0000000
0000012456430000000000000000000012332120000000000 0000000
0000022456430000000000000000000013321000000000000 0000000
0000122456430000000000000000000123310000000000000 0000000
0011232456430000000000000000001233210000000000000 0000000
0012242456430010000000000000002233200000000000000 0000000
0000130134320010000000000000000111000000000000000 0000000
0000000000000000000000000000000000000000000000000 0000000
0000000000000000000000000000000000000000000000000 0000000
0000000000000000000000000000000000000000000000000 0000000
0000000000000000000000000000000000000000000000000 0000000
0000000000000010000000000000000000000000000000000 0000000
0000000000000020000000000000000000000000000000000 0000000
