49
49
7
00000000000000000000000000000790000BBGFEDB0000000 0001111
00000000000000000000000000000000BEGIJPOMKIGFDBBBB 0001111
00000000000000000000000013567BDFILOQRVVTRQOMMHGGG 0001111
0000000000000000000250000000BJMPSVY0000000ZYWPNML 0001111
000000000000000000600DDEFGHIKOSUX000000000000WVSP 0001111
000000000000103700CEEFGJMPSVW0YWVY0000000000000ZW 0001111
0000000000005700DHKMMOPSVY00000000000000000000000 0001111
00000000000280CGKOQSSWXZ0000000000000000000000000 0001111
0000000000040BGJNQSTUYZ00000000000000000000000000 0001111
0000000454600GJMQSUVVZ000000000000000000000000000 0001111
00000059000BGMPSVXZZZ0000000000000000000000000000 0001111
0036770ADEHMSY00000000000000000000000000000000000 0001111
024550AGJLOU0000000000000000000000000000000000000 0001111
00BEGGILPUY00000000000000000000000000000000000000 0001111
0DHJLMNQUX000000000000000000000000000000000000000 0001111
IMQSUWXY00000000000000000000000000000000000000000 0001111
ORUWX00000000000000000000000000000000000000000000 0001111
RUWYZ00000000000000000000000000000000000000000000 0001111
TWY0000000000000000000000000000000000000000000000 0001111
Z000000000000000000000000000000000000000000000000 0001111
0000000000000000000000000000000000000000000000000 0001111
0000000000000000000000000000000000000000000000000 0001111
0000000000000000000000000000000000000000000000000 0001111
0000000000000000000000000000000000000000000000000 0001111
0000000000000000000000000000000000000000000000000 0001111
0000000000000000000000000000000000000000000000000 0001111
0000000000000000000000000000000000000000000000000 0001111
0000000000000000000000000000000000000000000000000 0001111
0000000000000000000000000000000000000000000000000 0001111
0000000000000000000000000000000000000000000000000 0001111
0000000000000000000000000000000000000000000000000 0001111
0000000000000000000000000000000000000000000000000 0001111
0000000000000000000000000000000000000000000000000 0001111
0000000000000000000000000000000000000000000000000 0001111
0000000000000000000000000000000000000000000000000 0001111
0000000000000000000000000000000000000000000000000 0001111
0000000000000000000000000000000000000000000000000 0001111
0000000000000000000000000000000000000000000000000 0001111
0000000000000000000000000000000000000000000000000 0001111
0000000000000000000000000000000000000000000000000 0001111
0000000000000000000000000000000000000000000000000 0001111
0000000000000000000000000000000000000000000000000 0001111
0000000000000000000000000000000000000000000000000 0001111
0000000000000000000000000000000000000000000000000 0001111
0000000000000000000000000000000000000000000000000 0001111
0000000000000000000000000000000000000000000000000 0001111
0000000000000000000000000000000000000000000000000 0001111
0000000000000000000000000000000000000000000000000 0001111
0000000000000000000000000000000000000000000000000 0001111
