49
49
7
0000000000000000000000000000000000000000000000000 0001111
0000000000000000000000000000000000000000000000000 0001111
0000000000000000000000000000000000000000000000000 0001111
0000000000000000000000000000000000000000000000000 0001111
0000000000000000000000000000000000000000000000000 0001111
0000000000000000000000000000000000000000000000000 0001111
0000000000000000000000000000000000000000000000000 0001111
0000000000000000000000000000000000000000000000000 0001111
0000000000000000000000000000000000000000000000000 0001111
0000000000000000000000000000000000000000000000000 0001111
0000000000000000000000000000000000000000000000000 0001111
0000000000000000000000000000000000000000000000000 0001111
0000000000000000000000000000000000000000000000000 0001111
0000000000000000000000000000000000000000000000000 0001111
0000000000000000000000000000000000000000000000000 0001111
0000000000000000000000000000000000000000000000000 0001111
0000000000000000000000000000000000000000000000000 0001111
0000000000000000000000000000000000000000000000000 0001111
0000000000000000000000000000000000000000000000000 0001111
0000000000000000000000000000000000000000000000000 0001111
0000000000000000000000000000000000000000000000000 0001111
0000000000000000000000000000000000000000000000000 0001111
0000000000000000000000000000000000000000000000000 0001111
0000000000000000000000000000000000000000000000000 0001111
0000000000000000000000000000000000000000000000000 0001111
0000000000000000000000000000000000000000000000000 0001111
0000000000000000000000000000000000000000000000000 0001111
0000000000000000000000000000000000000000000000000 0001111
0000000000000000000000000000000000000000000000000 0001111
0000000000000000000000000000000000000000000000000 0001111
0000000000000000000000000000000000000000000000000 0001111
0000000000000000000000000000000000000000000000000 0001111
0000000000000000000000000000000000000000000000000 0001111
0000000000000000000000000000000000000000000000000 0001111
0000000000000000000000000000000000000000000000000 0001111
0000000000000000000000000000000000000000000000000 0001111
0000000000000000000000000000000000000000000000000 0001111
0000000000000000000000000000000000000000000000000 0001111
0000000000000000000000000000000000000000000000000 0001111
0000000000000000000000000000000000000000000000000 0001111
0000000000000000000000000000000000000000000000000 0001111
0000000000000000000000000000000000000000000000000 0001111
0000000000000000000000000000000000000000000000000 0001111
0000000000000000000000000000000000000000000000000 0001111
0000000000000000000000000000000000000000000000000 0001111
0000000000000000000000000000000000000000000000000 0001111
0000000000000000000000000000000000000000000000000 0001111
0000000000000000000000000000000000000000000000000 0001111
0000000000000000000000000000000000000000000000000 0001111
