49
49
7
00000000000000000000000000000790000BBGFEDB0000000 0000001
00000000000000000000000000000000BEGIJPOMKIGFDBBBB 0000001
00000000000000000000000013567BDFILOQRVVTRQOMMHGGG 0000001
0000000000000000000250000000BJMPSVY0000000ZYWPNML 0000001
000000000000000000600DDEFGHIKOSUX000000000000WVSP 0000001
000000000000103700CEEFGJMPSVW0YWVY0000000000000ZW 0000001
0000000000005700DHKMMOPSVY00000000000000000000000 0000001
00000000000280CGKOQSSWXZ0000000000000000000000000 0000001
0000000000040BGJNQSTUYZ00000000000000000000000000 0000001
0000000454600GJMQSUVVZ000000000000000000000000000 0000001
00000059000BGMPSVXZZZ0000000000000000000000000000 0000001
0036770ADEHMSY00000000000000000000000000000000000 0000001
024550AGJLOU0000000000000000000000000000000000000 0000001
00BEGGILPUY00000000000000000000000000000000000000 0000001
0DHJLMNQUX000000000000000000000000000000000000000 0000001
IMQSUWXY00000000000000000000000000000000000000000 0000001
ORUWX00000000000000000000000000000000000000000000 0000001
RUWYZ00000000000000000000000000000000000000000000 0000001
TWY0000000000000000000000000000000000000000000000 0000001
Z000000000000000000000000000000000000000000000000 0000001
0000000000000000000000000000000000000000000000000 0000001
0000000000000000000000000000000000000000000000000 0000001
0000000000000000000000000000000000000000000000000 0000001
0000000000000000000000000000000000000000000000000 0000001
0000000000000000000000000000000000000000000000000 0000001
0000000000000000000000000000000000000000000000000 0000001
0000000000000000000000000000000000000000000000000 0000001
0000000000000000000000000000000000000000000000000 0000001
0000000000000000000000000000000000000000000000000 0000001
0000000000000000000000000000000000000000000000000 0000001
0000000000000000000000000000000000000000000000000 0000001
0000000000000000000000000000000000000000000000000 0000001
0000000000000000000000000000000000000000000000000 0000001
0000000000000000000000000000000000000000000000000 0000001
0000000000000000000000000000000000000000000000000 0000001
0000000000000000000000000000000000000000000000000 0000001
0000000000000000000000000000000000000000000000000 0000001
0000000000000000000000000000000000000000000000000 0000001
0000000000000000000000000000000000000000000000000 0000001
0000000000000000000000000000000000000000000000000 0000001
0000000000000000000000000000000000000000000000000 0000001
0000000000000000000000000000000000000000000000000 0000001
0000000000000000000000000000000000000000000000000 0000001
0000000000000000000000000000000000000000000000000 0000001
0000000000000000000000000000000000000000000000000 0000001
0000000000000000000000000000000000000000000000000 0000001
0000000000000000000000000000000000000000000000000 0000001
0000000000000000000000000000000000000000000000000 0000001
0000000000000000000000000000000000000000000000000 0000001
