49
49
7
8741000000000000000000000000000000000000000000000 0000001
7641000000000000000000000000000000000000000000000 0000001
7630000000000000000000000000000000000000000000000 0000001
6300000000000000000000000000000000000000000000000 0000001
5200000000000000000000000000000000000000000000000 0000001
4100000000000000000000000000000000000000000000000 0000001
1000000000000000000000000000000000000000000000000 0000001
0000000000000000000000000000000000000000000000000 0000001
0000000000000000000000000000000000000000000000000 0000001
0000000000000000000000000000000000000000000000000 0000001
0000000000000000000000000000000000000000000000000 0000001
0000000000000000000000000000000000000000000000000 0000001
0000000000000000000000000000000000000000000000000 0000001
0000300000000000000000000000000000000000000000000 0000001
0010GD0000000000000000000000000000000000000000000 0000001
000NZ07000000000000000000000000000000000000000000 0000001
05EU00R200000000000000000000000000000000000000000 0000001
7CKS000G00000000000000000000000000000000000000000 0000001
CLLP000R30000000000000000000000000000000000000000 0000001
0MX00000N0000000000000000000000000000000000000000 0000001
BLW00000W3000000000000000000000000000000000000000 0000001
DNV000000H000000000000000000000000000000000000000 0000001
IPV0000000600000000000000000000000000000000000000 0000001
MRX0000000I00000000000000000000000000000000000000 0000001
QSZ0000000060000000000000000000000000000000000000 0000001
QU000000000N0000000000000000000000000000000000000 0000001
PT00000000003000000000000000000000000000000000000 0000001
000000000000E000000000000000000000000000000000000 0000001
Z00000000000L000000000000000000000000000000000000 0000001
000000000000X900000000000000000000000000000000000 0000001
0000000000000O00000000000000000000000000000000000 0000001
0000000000000000000000000000000000000000000000000 0000001
0000000000000030000000000000000000000000000000000 0000001
0000000000000000000000000000000000000000000000000 0000001
00000000000000D0000000000000000000000000000000000 0000001
00000000000000V5000000000000000000000000000000000 0000001
0000000000000000000000000000000000000000000000000 0000001
000000000000000G000000000000000000000000000000000 0000001
000000000000000T000000000000000000000000000000000 0000001
0000000000000000000000000000000000000000000000000 0000001
0000000000000000I00000000000000000000000000000000 0000001
0000000000000000S00000000000000000000000000000000 0000001
0000000000000000X00000000000000000000000000000000 0000001
0000000000000000000000000000000000000000000000000 0000001
00000000000000000H0000000000000000000000000000000 0000001
00000000000000000U0000000000000000000000000000000 0000001
0000000000000000009000000000000000000000000000000 0000001
000000000000000000F000000000000000000000000000000 0000001
000000000000000000U000000000000000000000000000000 0000001
