49
49
7
0000000000000000000000000000000000000000000000000 0000000
0000000000000000000000000000000000000000000000000 0000000
0000000000000000000000000000000000000000000000000 0000000
0000000000000000000000000000000000000000000000000 0000000
0000000000000000000000000000000000000000000000000 0000000
0000000000000000000000000000000000000000000000000 0000000
0000000000000000000000000000000000000000000000000 0000000
0000000000000000000000000000000000000000000000000 0000000
0000000000000000000000000000000000000000000000000 0000000
0000000000000000000000000000000000000000000000000 0000000
0000000000000000000000000000000000000000000000000 0000000
0000000000000000000000000000000000000000000000000 0000000
0000000000000000000000000000000000000000000000000 0000000
0000000000000000000000000000000000000000000000000 0000000
0000000000000000000000000000000000000000000000000 0000000
0000000000000000000000000000000000000000000000000 0000000
0000000000000000000000000000000000000000000000000 0000000
0000000000000000000000000000000000000000000000000 0000000
0000000000000000000000000000000000000000000000000 0000000
0000000000000000000000000000000000000000000000000 0000000
0000000000000000000000000000000000000000000000000 0000000
0000000000000000000000000000000000000000000000000 0000000
0000000000000000000000000000000000000000000000000 0000000
0000000000000000000000000000000000000000000000000 0000000
0000000000000000000000000000000000000000000000000 0000000
0000000000000000000000000000000000000000000000000 0000000
0000000000000000000000000000000000000000000000000 0000000
0000000000000000000000000000000000000000000000000 0000000
0000000000000000000000000000000000000000000000000 0000000
0000000000000000000000000000000000000000000000000 0000000
0000000000000000000000000000000000000000000100000 0000000
0000000000000000000000000000000000000000001110000 0000000
0000000000000000000000000000000000134000011200000 0000000
0000000000000000000000000000000000000000000001000 0000000
0000000000000000000000000000000000000111111100000 0000000
0000000000000000000000000001100000000111111110000 0000000
0000000000000000000000000002200000012444444431000 0000000
0000000000000000000000000000000000123555555553222 0000000
0000000000000000000000000000000001344888888863333 0000000
0000000000000000000000000000000000233777777775333 0000000
0000000000000000000000000000000001234888888875333 0000000
0000000000000000000000000000000000035347000000098 0000000
0000000000000000000000000000000000035347000000998 0000000
0000000000000000000000000000000000024347900008889 0000000
0000000000000000000000000000000000013357909985679 0000000
0000000000000000000000000000000000002457888763468 0000000
0000000000000000000000000000000000001456777542346 0000000
0000000000000000000000000000000000000456776431234 0000000
0000000000000000000000000000000000000456765321122 0000000
