49
49
7
9000000000000000000000000000000000000000000000000 0000000
0000000000000000000000000000000000000000000000000 0000000
0000000000000000000000000000000000000000000000000 0000000
8000000000000000000000000000000000000000000000000 0000000
0000000000000000000000000000000000000000000000000 0000000
0000000000000000000000000000000000000000000000000 0000000
0000000000000000000000000000000000000000000000000 0000000
0000000000000000000000000000000000000000000000000 0000000
0000000000000000000000000000000000000000000000000 0000000
0000000000000000000000000000000000000000000000000 0000000
0000000000000000000000000000000000000000000000000 0000000
0000000000000000000000000000000000000000000000000 0000000
0000000000000000000000000000000000000000000000000 0000000
0000000000000000000000000000000000000000000000000 0000000
0000000000000000000000000000000000000000000000000 0000000
0000000000000000000000000000000000000000000000000 0000000
0000000000000000000000000000000000000000000000000 0000000
0000000000000000000000000000000000000000000000000 0000000
0000000000000000000000000000000000000000000000000 0000000
0000000000000000000000000000000000000000000000000 0000000
0000000000000000000000000000000000000000000000000 0000000
0000000000000000000000000000000000000000000000000 0000000
0000000000000000000000000000000000000000000000000 0000000
0000000000000000000000000000000000000000000000000 0000000
0000000000000000000000000000000000000000000000000 0000000
0000000000000000000000000000000000000000000000000 0000000
0000000000000000000000000000000000000000000000000 0000000
0000000000000000000000000000000000000000000000000 0000000
0000000000000000000000000000000000000000000000000 0000000
0000000000000000000000000000000000000000000000000 0000000
0000000000000000000000000000000000000000000000000 0000000
0000000000000000000000000000000000000000000000000 0000000
0000000000000000000000000000000000000000000000000 0000000
0000000000000000000000000000000000000000000000000 0000000
0000000000000000000000000000000000000000000000000 0000000
0000000000000000000000000000000000000000000000000 0000000
0000000000000000000000000000000000000000000000000 0000000
0000000000000000000000000000000000000000000000000 0000000
0000000000000000000000000000000000000000000000000 0000000
0000000000000000000000000000000000000000000000000 0000000
0000000000000000000000000000000000000000000000000 0000000
0000000000000000000000000000000000000000000000000 0000000
0000000000000000000000000000000000000000000000000 0000000
0000000000000000000000000000000000000000000000000 0000000
0000000000000000000000000000000000000000000000000 0000000
0000000000000000000000000000000000000000000000000 0000000
0000000000000000000000000000000000000000000000000 0000000
0000000000000000000000000000000000000000000000000 0000000
0000000000000000000000000000000000000000000000000 0000000
